Steps    Q        Qc       Rg       Backbone Rama     Contact  Fragment Membrane ER       TBM_Q    Beta     Pap      Helical  Debye_huckel Total   
0        1.00     1.00     10.06    80.42    -347.49  -74.08   -294.05  0.00     0.00     0.00     -23.45   0.00     0.00     0.74     -657.92 
1        0.98     0.99     10.05    4.98     -417.45  -87.59   -287.03  0.00     0.00     0.00     -24.51   -0.00    0.00     1.00     -810.60 
2        0.98     0.99     10.06    48.42    -416.05  -87.73   -287.00  0.00     0.00     0.00     -24.57   -0.00    0.00     0.99     -765.94 
3        0.98     0.99     10.06    109.52   -413.32  -87.42   -286.71  0.00     0.00     0.00     -24.44   -0.00    0.00     0.99     -701.39 
4        0.98     0.99     10.07    116.83   -411.83  -87.24   -286.33  0.00     0.00     0.00     -24.21   -0.00    0.00     0.98     -691.81 
5        0.98     0.99     10.07    106.18   -411.33  -87.20   -285.91  0.00     0.00     0.00     -23.95   0.00     0.00     0.98     -701.23 
6        0.97     0.99     10.08    112.90   -411.06  -86.96   -285.42  0.00     0.00     0.00     -23.74   0.00     0.00     0.99     -693.29 
7        0.97     0.99     10.08    110.20   -411.63  -86.63   -284.95  0.00     0.00     0.00     -23.67   0.00     0.00     1.01     -695.68 
8        0.97     0.99     10.08    97.18    -412.53  -86.43   -284.51  0.00     0.00     0.00     -23.74   -0.00    0.00     1.04     -709.00 
9        0.97     0.99     10.08    102.76   -413.43  -86.34   -284.07  0.00     0.00     0.00     -23.85   -0.00    0.00     1.06     -703.87 
10       0.97     0.99     10.08    111.54   -414.71  -86.26   -283.63  0.00     0.00     0.00     -23.84   -0.00    0.00     1.07     -695.85 
11       0.97     0.99     10.08    99.36    -414.43  -86.18   -283.22  0.00     0.00     0.00     -23.70   -0.00    0.00     1.07     -707.10 
12       0.97     0.99     10.08    94.16    -412.65  -86.04   -282.81  0.00     0.00     0.00     -23.55   -0.00    0.00     1.06     -709.81 
13       0.97     0.99     10.09    105.84   -411.90  -85.84   -282.34  0.00     0.00     0.00     -23.45   0.00     0.00     1.06     -696.64 
14       0.97     0.99     10.09    102.32   -413.30  -85.60   -281.93  0.00     0.00     0.00     -23.43   0.00     0.00     1.05     -700.89 
15       0.97     0.99     10.10    89.99    -414.50  -85.36   -281.55  0.00     0.00     0.00     -23.43   0.00     0.00     1.05     -713.81 
16       0.97     0.99     10.10    106.79   -413.87  -85.25   -281.20  0.00     0.00     0.00     -23.37   0.00     0.00     1.04     -695.86 
17       0.97     0.99     10.10    130.66   -412.03  -85.12   -280.90  0.00     0.00     0.00     -23.25   0.00     0.00     1.02     -669.61 
18       0.97     0.99     10.10    119.52   -410.87  -84.87   -280.73  0.00     0.00     0.00     -23.08   0.00     0.00     1.01     -679.04 
19       0.96     0.99     10.11    96.58    -410.21  -84.57   -280.65  0.00     0.00     0.00     -22.84   0.00     0.00     1.01     -700.67 
20       0.96     0.99     10.11    103.49   -408.83  -84.35   -280.55  0.00     0.00     0.00     -22.54   0.00     0.00     1.01     -691.76 
21       0.96     0.99     10.11    117.96   -407.33  -84.10   -280.44  0.00     0.00     0.00     -22.29   0.00     0.00     1.02     -675.18 
22       0.96     0.99     10.11    110.45   -406.22  -83.82   -280.35  0.00     0.00     0.00     -22.13   0.00     0.00     1.03     -681.03 
23       0.96     0.99     10.11    102.54   -406.08  -83.55   -280.19  0.00     0.00     0.00     -22.03   0.00     0.00     1.04     -688.27 
24       0.96     0.99     10.11    111.86   -407.05  -83.40   -279.95  0.00     0.00     0.00     -21.97   0.00     0.00     1.05     -679.46 
25       0.96     0.99     10.12    119.52   -408.30  -83.40   -279.65  0.00     0.00     0.00     -21.93   0.00     0.00     1.05     -672.71 
26       0.96     0.99     10.12    120.84   -409.00  -83.43   -279.38  0.00     0.00     0.00     -21.90   0.00     0.00     1.05     -671.82 
27       0.96     0.99     10.13    124.99   -408.35  -83.43   -279.19  0.00     0.00     0.00     -21.89   0.00     0.00     1.05     -666.82 
28       0.95     0.99     10.14    121.70   -407.68  -83.58   -279.10  0.00     0.00     0.00     -21.92   0.00     0.00     1.05     -669.53 
29       0.95     0.99     10.14    107.52   -408.51  -83.74   -279.06  0.00     0.00     0.00     -21.96   0.00     0.00     1.05     -684.70 
30       0.95     0.99     10.14    99.33    -409.55  -83.82   -279.00  0.00     0.00     0.00     -21.95   0.00     0.00     1.05     -693.94 
31       0.95     0.99     10.15    100.54   -409.82  -83.84   -278.88  0.00     0.00     0.00     -21.85   0.00     0.00     1.05     -692.80 
32       0.95     0.99     10.15    97.73    -408.92  -83.85   -278.64  0.00     0.00     0.00     -21.64   0.00     0.00     1.04     -694.27 
33       0.95     0.99     10.16    92.91    -407.55  -83.95   -278.27  0.00     0.00     0.00     -21.36   0.00     0.00     1.03     -697.19 
34       0.95     0.99     10.16    96.76    -407.18  -84.08   -277.88  0.00     0.00     0.00     -21.09   0.00     0.00     1.02     -692.44 
35       0.95     0.99     10.16    101.04   -408.61  -84.19   -277.48  0.00     0.00     0.00     -20.83   0.00     0.00     1.02     -689.04 
36       0.95     0.99     10.16    103.21   -408.85  -84.28   -277.09  0.00     0.00     0.00     -20.60   0.00     0.00     1.02     -686.59 
37       0.95     0.99     10.16    112.64   -405.93  -84.44   -276.73  0.00     0.00     0.00     -20.41   0.00     0.00     1.02     -673.84 
38       0.95     0.99     10.16    127.09   -401.54  -84.57   -276.42  0.00     0.00     0.00     -20.24   0.00     0.00     1.02     -654.66 
39       0.95     0.99     10.16    130.94   -398.36  -84.71   -276.21  0.00     0.00     0.00     -20.12   0.00     0.00     1.02     -647.44 
40       0.95     0.99     10.17    122.36   -399.21  -84.85   -276.12  0.00     0.00     0.00     -20.10   0.00     0.00     1.02     -656.90 
41       0.94     0.98     10.17    112.51   -403.28  -84.92   -276.12  0.00     0.00     0.00     -20.17   0.00     0.00     1.02     -670.96 
42       0.94     0.98     10.18    110.35   -407.25  -84.90   -276.26  0.00     0.00     0.00     -20.28   0.00     0.00     1.01     -677.33 
43       0.94     0.98     10.18    113.43   -409.17  -84.59   -276.50  0.00     0.00     0.00     -20.39   0.00     0.00     1.00     -676.21 
44       0.94     0.98     10.18    112.83   -409.42  -83.71   -276.78  0.00     0.00     0.00     -20.41   0.00     0.00     0.99     -676.50 
45       0.94     0.98     10.18    108.38   -409.43  -83.05   -277.07  0.00     0.00     0.00     -20.36   0.00     0.00     0.98     -680.55 
46       0.94     0.98     10.18    105.51   -410.27  -82.61   -277.33  0.00     0.00     0.00     -20.25   0.00     0.00     0.97     -684.00 
47       0.94     0.98     10.19    106.75   -410.81  -82.45   -277.57  0.00     0.00     0.00     -20.18   0.00     0.00     0.96     -683.29 
48       0.94     0.98     10.19    107.76   -410.33  -82.26   -277.74  0.00     0.00     0.00     -20.18   0.00     0.00     0.96     -681.79 
49       0.94     0.98     10.19    110.12   -409.95  -82.21   -277.92  0.00     0.00     0.00     -20.32   0.00     0.00     0.96     -679.33 
50       0.94     0.98     10.18    116.99   -410.07  -82.51   -278.08  0.00     0.00     0.00     -20.56   0.00     0.00     0.96     -673.29 
51       0.94     0.98     10.18    125.20   -409.92  -82.71   -278.23  0.00     0.00     0.00     -20.78   0.00     0.00     0.96     -665.48 
52       0.94     0.98     10.17    122.84   -409.20  -82.56   -278.36  0.00     0.00     0.00     -20.86   0.00     0.00     0.96     -667.18 
53       0.94     0.98     10.17    113.44   -408.30  -82.47   -278.50  0.00     0.00     0.00     -20.86   0.00     0.00     0.95     -675.73 
54       0.94     0.98     10.17    111.21   -408.39  -82.45   -278.59  0.00     0.00     0.00     -20.92   0.00     0.00     0.95     -678.20 
55       0.94     0.98     10.17    118.75   -409.28  -82.48   -278.65  0.00     0.00     0.00     -21.09   0.00     0.00     0.93     -671.82 
56       0.94     0.98     10.17    121.29   -410.26  -82.48   -278.69  0.00     0.00     0.00     -21.32   0.00     0.00     0.92     -670.54 
57       0.94     0.98     10.17    120.47   -411.15  -82.54   -278.67  0.00     0.00     0.00     -21.48   0.00     0.00     0.91     -672.47 
58       0.94     0.98     10.17    124.48   -411.13  -82.77   -278.59  0.00     0.00     0.00     -21.52   0.00     0.00     0.90     -668.64 
59       0.94     0.98     10.18    124.32   -410.18  -83.44   -278.40  0.00     0.00     0.00     -21.43   0.00     0.00     0.90     -668.24 
60       0.93     0.98     10.18    113.85   -410.00  -84.13   -278.14  0.00     0.00     0.00     -21.28   0.00     0.00     0.91     -678.80 
61       0.93     0.98     10.19    112.30   -411.38  -84.52   -277.79  0.00     0.00     0.00     -21.22   0.00     0.00     0.92     -681.68 
62       0.93     0.98     10.19    126.78   -411.49  -84.81   -277.42  0.00     0.00     0.00     -21.30   0.00     0.00     0.94     -667.29 
63       0.93     0.98     10.20    132.80   -410.00  -85.13   -277.10  0.00     0.00     0.00     -21.49   0.00     0.00     0.95     -659.96 
64       0.93     0.98     10.20    126.29   -409.55  -85.48   -276.90  0.00     0.00     0.00     -21.65   0.00     0.00     0.94     -666.34 
65       0.93     0.98     10.19    128.44   -410.60  -85.58   -276.80  0.00     0.00     0.00     -21.67   0.00     0.00     0.93     -665.29 
66       0.93     0.98     10.19    132.56   -412.31  -85.57   -276.83  0.00     0.00     0.00     -21.52   0.00     0.00     0.90     -662.75 
67       0.93     0.98     10.19    123.53   -412.09  -85.59   -276.94  0.00     0.00     0.00     -21.30   0.00     0.00     0.88     -671.51 
68       0.92     0.98     10.18    118.38   -408.38  -85.62   -277.03  0.00     0.00     0.00     -21.10   0.00     0.00     0.87     -672.88 
69       0.92     0.98     10.18    130.00   -404.35  -85.60   -277.04  0.00     0.00     0.00     -21.06   0.00     0.00     0.86     -657.20 
70       0.92     0.98     10.18    136.11   -403.76  -85.44   -277.09  0.00     0.00     0.00     -21.21   0.00     0.00     0.86     -650.54 
71       0.92     0.98     10.18    128.67   -405.75  -85.38   -277.15  0.00     0.00     0.00     -21.42   0.00     0.00     0.86     -660.16 
72       0.92     0.98     10.18    127.25   -407.86  -85.39   -277.14  0.00     0.00     0.00     -21.54   0.00     0.00     0.86     -663.81 
73       0.92     0.98     10.18    134.83   -408.15  -85.30   -277.02  0.00     0.00     0.00     -21.52   0.00     0.00     0.87     -656.28 
74       0.92     0.98     10.18    131.44   -407.97  -85.12   -276.88  0.00     0.00     0.00     -21.48   0.00     0.00     0.89     -659.12 
75       0.92     0.98     10.18    123.66   -410.10  -84.80   -276.67  0.00     0.00     0.00     -21.54   0.00     0.00     0.92     -668.53 
76       0.92     0.98     10.18    131.37   -412.44  -84.38   -276.47  0.00     0.00     0.00     -21.70   0.00     0.00     0.96     -662.67 
77       0.92     0.98     10.18    141.80   -413.33  -84.04   -276.31  0.00     0.00     0.00     -21.90   0.00     0.00     0.99     -652.78 
78       0.92     0.97     10.18    135.24   -412.91  -83.84   -276.22  0.00     0.00     0.00     -22.11   0.00     0.00     1.02     -658.83 
79       0.92     0.97     10.18    130.24   -410.62  -83.77   -276.19  0.00     0.00     0.00     -22.24   0.00     0.00     1.04     -661.53 
80       0.92     0.97     10.18    136.61   -408.97  -83.72   -276.21  0.00     0.00     0.00     -22.32   0.00     0.00     1.06     -653.55 
81       0.92     0.97     10.17    137.77   -411.61  -83.54   -276.25  0.00     0.00     0.00     -22.41   0.00     0.00     1.08     -654.96 
82       0.92     0.97     10.17    132.04   -416.25  -83.29   -276.26  0.00     0.00     0.00     -22.58   0.00     0.00     1.11     -665.24 
83       0.91     0.97     10.17    129.17   -420.70  -83.25   -276.20  0.00     0.00     0.00     -22.85   0.00     0.00     1.13     -672.70 
84       0.91     0.97     10.17    126.21   -423.36  -83.40   -276.04  0.00     0.00     0.00     -23.09   0.00     0.00     1.16     -678.53 
85       0.91     0.97     10.17    123.67   -422.08  -83.44   -275.83  0.00     0.00     0.00     -23.19   0.00     0.00     1.18     -679.69 
86       0.91     0.97     10.17    129.85   -419.04  -83.52   -275.63  0.00     0.00     0.00     -23.13   0.00     0.00     1.19     -670.29 
87       0.91     0.97     10.17    138.07   -417.44  -83.67   -275.51  0.00     0.00     0.00     -22.97   0.00     0.00     1.19     -660.32 
88       0.91     0.97     10.17    135.36   -417.44  -83.68   -275.42  0.00     0.00     0.00     -22.78   0.00     0.00     1.19     -662.76 
89       0.90     0.97     10.17    126.53   -417.55  -83.58   -275.29  0.00     0.00     0.00     -22.63   0.00     0.00     1.20     -671.32 
90       0.90     0.97     10.18    129.13   -416.68  -83.36   -275.15  0.00     0.00     0.00     -22.55   0.00     0.00     1.22     -667.39 
91       0.90     0.97     10.18    138.80   -417.77  -82.82   -275.03  0.00     0.00     0.00     -22.59   0.00     0.00     1.23     -658.16 
92       0.90     0.97     10.17    140.35   -419.85  -82.54   -274.99  0.00     0.00     0.00     -22.65   0.00     0.00     1.24     -658.44 
93       0.90     0.97     10.17    137.74   -421.16  -82.75   -275.02  0.00     0.00     0.00     -22.63   0.00     0.00     1.23     -662.59 
94       0.90     0.97     10.16    141.26   -420.03  -83.55   -275.07  0.00     0.00     0.00     -22.56   0.00     0.00     1.23     -658.73 
95       0.90     0.97     10.16    143.19   -416.77  -84.23   -275.07  0.00     0.00     0.00     -22.53   0.00     0.00     1.22     -654.19 
96       0.90     0.97     10.16    138.20   -415.35  -84.58   -275.04  0.00     0.00     0.00     -22.59   0.00     0.00     1.23     -658.13 
97       0.90     0.97     10.17    133.39   -415.80  -84.85   -274.94  0.00     0.00     0.00     -22.70   0.00     0.00     1.24     -663.66 
98       0.89     0.96     10.17    138.38   -415.82  -85.02   -274.76  0.00     0.00     0.00     -22.73   0.00     0.00     1.24     -658.70 
99       0.89     0.96     10.17    150.76   -413.68  -85.12   -274.56  0.00     0.00     0.00     -22.69   0.00     0.00     1.24     -644.04 
100      0.89     0.96     10.17    157.53   -410.52  -85.27   -274.38  0.00     0.00     0.00     -22.60   0.00     0.00     1.24     -634.00 
101      0.89     0.96     10.17    152.09   -409.06  -85.13   -274.28  0.00     0.00     0.00     -22.48   0.00     0.00     1.24     -637.62 
102      0.89     0.96     10.18    140.10   -410.17  -84.62   -274.21  0.00     0.00     0.00     -22.34   0.00     0.00     1.26     -649.98 
103      0.89     0.96     10.18    135.00   -413.42  -84.47   -274.15  0.00     0.00     0.00     -22.26   0.00     0.00     1.28     -658.01 
104      0.89     0.96     10.19    138.10   -416.05  -84.32   -274.10  0.00     0.00     0.00     -22.26   0.00     0.00     1.30     -657.32 
105      0.88     0.96     10.19    139.43   -417.93  -84.20   -274.06  0.00     0.00     0.00     -22.27   0.00     0.00     1.32     -657.70 
106      0.88     0.96     10.18    136.57   -418.96  -84.32   -273.98  0.00     0.00     0.00     -22.19   0.00     0.00     1.34     -661.54 
107      0.88     0.96     10.18    135.50   -417.56  -84.46   -273.87  0.00     0.00     0.00     -21.98   0.00     0.00     1.34     -661.03 
108      0.88     0.96     10.18    137.32   -414.05  -84.57   -273.72  0.00     0.00     0.00     -21.82   0.00     0.00     1.35     -655.49 
109      0.88     0.96     10.19    141.15   -411.44  -84.57   -273.49  0.00     0.00     0.00     -21.82   0.00     0.00     1.36     -648.82 
110      0.88     0.96     10.19    146.11   -410.55  -84.66   -273.16  0.00     0.00     0.00     -21.92   0.00     0.00     1.38     -642.79 
111      0.88     0.96     10.20    148.14   -410.69  -84.74   -272.78  0.00     0.00     0.00     -22.03   0.00     0.00     1.40     -640.71 
112      0.88     0.96     10.20    142.51   -411.95  -84.85   -272.39  0.00     0.00     0.00     -22.08   0.00     0.00     1.41     -647.35 
113      0.87     0.96     10.20    140.14   -413.60  -85.25   -271.98  0.00     0.00     0.00     -22.01   0.00     0.00     1.41     -651.29 
114      0.87     0.96     10.21    143.29   -414.06  -85.17   -271.60  0.00     0.00     0.00     -21.77   0.00     0.00     1.41     -647.90 
115      0.87     0.96     10.21    141.82   -412.65  -84.70   -271.26  0.00     0.00     0.00     -21.40   0.00     0.00     1.41     -646.79 
116      0.87     0.96     10.21    135.16   -409.64  -85.01   -270.96  0.00     0.00     0.00     -20.98   0.00     0.00     1.42     -650.00 
117      0.87     0.96     10.21    134.59   -407.35  -85.74   -270.66  0.00     0.00     0.00     -20.55   0.00     0.00     1.44     -648.28 
118      0.87     0.96     10.22    136.98   -407.51  -86.34   -270.34  0.00     0.00     0.00     -20.24   0.00     0.00     1.46     -645.99 
119      0.87     0.96     10.22    131.60   -409.78  -86.61   -270.00  0.00     0.00     0.00     -20.06   -0.00    0.00     1.47     -653.38 
120      0.87     0.95     10.22    124.84   -410.94  -86.95   -269.60  0.00     0.00     0.00     -20.01   -0.00    0.00     1.46     -661.21 
121      0.86     0.95     10.22    131.23   -407.64  -87.42   -269.13  0.00     0.00     0.00     -20.07   -0.00    0.00     1.43     -651.59 
122      0.86     0.95     10.22    143.53   -403.42  -87.88   -268.65  0.00     0.00     0.00     -20.23   -0.00    0.00     1.40     -635.25 
123      0.86     0.95     10.22    143.25   -402.89  -88.09   -268.22  0.00     0.00     0.00     -20.46   -0.00    0.00     1.37     -635.04 
124      0.86     0.95     10.23    134.15   -405.63  -88.20   -267.86  0.00     0.00     0.00     -20.68   -0.00    0.00     1.36     -646.86 
125      0.86     0.95     10.23    131.41   -407.48  -88.26   -267.54  0.00     0.00     0.00     -20.80   -0.00    0.00     1.34     -651.33 
126      0.85     0.95     10.23    132.98   -407.45  -88.11   -267.25  0.00     0.00     0.00     -20.79   -0.00    0.00     1.32     -649.31 
127      0.85     0.95     10.23    135.97   -406.78  -87.92   -267.06  0.00     0.00     0.00     -20.66   -0.00    0.00     1.29     -645.16 
128      0.85     0.95     10.23    144.21   -407.08  -87.94   -267.03  0.00     0.00     0.00     -20.46   -0.00    0.00     1.26     -637.04 
129      0.85     0.95     10.23    153.06   -408.80  -87.93   -267.17  0.00     0.00     0.00     -20.24   -0.00    0.00     1.23     -629.85 
130      0.85     0.95     10.23    152.02   -410.57  -87.96   -267.42  0.00     0.00     0.00     -20.10   -0.00    0.00     1.22     -632.81 
131      0.85     0.95     10.23    146.77   -410.82  -88.07   -267.68  0.00     0.00     0.00     -20.06   -0.00    0.00     1.22     -638.65 
132      0.85     0.95     10.23    142.80   -412.09  -88.20   -267.87  0.00     0.00     0.00     -20.14   -0.00    0.00     1.23     -644.27 
133      0.85     0.95     10.23    138.63   -414.19  -88.40   -268.05  0.00     0.00     0.00     -20.29   -0.00    0.00     1.24     -651.06 
134      0.85     0.95     10.22    138.00   -415.35  -88.57   -268.27  0.00     0.00     0.00     -20.43   -0.00    0.00     1.23     -653.39 
135      0.85     0.95     10.21    143.84   -414.42  -88.70   -268.56  0.00     0.00     0.00     -20.56   -0.00    0.00     1.21     -647.20 
136      0.86     0.95     10.21    145.12   -413.08  -88.76   -268.92  0.00     0.00     0.00     -20.70   -0.00    0.00     1.19     -645.15 
137      0.86     0.95     10.20    136.70   -412.19  -88.68   -269.29  0.00     0.00     0.00     -20.89   -0.00    0.00     1.18     -653.17 
138      0.86     0.95     10.21    132.90   -411.37  -88.24   -269.54  0.00     0.00     0.00     -21.05   -0.00    0.00     1.18     -656.11 
139      0.86     0.95     10.21    140.87   -411.12  -87.87   -269.61  0.00     0.00     0.00     -21.13   -0.00    0.00     1.19     -647.68 
140      0.85     0.95     10.21    148.87   -412.93  -87.94   -269.50  0.00     0.00     0.00     -21.10   -0.00    0.00     1.20     -641.39 
141      0.85     0.95     10.21    148.80   -415.23  -87.91   -269.23  0.00     0.00     0.00     -20.95   -0.00    0.00     1.20     -643.32 
142      0.85     0.95     10.21    152.59   -414.89  -87.80   -268.91  0.00     0.00     0.00     -20.79   -0.00    0.00     1.21     -638.59 
143      0.85     0.95     10.20    160.80   -412.27  -87.69   -268.71  0.00     0.00     0.00     -20.72   -0.00    0.00     1.20     -627.39 
144      0.85     0.95     10.20    162.08   -412.66  -87.58   -268.74  0.00     0.00     0.00     -20.78   -0.00    0.00     1.21     -626.46 
145      0.85     0.95     10.19    159.22   -415.72  -87.04   -268.93  0.00     0.00     0.00     -20.94   -0.00    0.00     1.21     -632.20 
146      0.85     0.94     10.19    155.90   -418.18  -86.79   -269.20  0.00     0.00     0.00     -21.10   -0.00    0.00     1.21     -638.17 
147      0.85     0.94     10.19    149.63   -417.96  -87.06   -269.39  0.00     0.00     0.00     -21.19   -0.00    0.00     1.20     -644.77 
148      0.85     0.94     10.19    142.45   -415.75  -88.07   -269.47  0.00     0.00     0.00     -21.19   -0.00    0.00     1.18     -650.85 
149      0.85     0.94     10.19    137.39   -414.33  -89.34   -269.47  0.00     0.00     0.00     -21.18   -0.00    0.00     1.16     -655.77 
150      0.85     0.94     10.18    137.78   -414.28  -89.50   -269.41  0.00     0.00     0.00     -21.21   -0.00    0.00     1.14     -655.49 
151      0.85     0.94     10.19    141.81   -412.15  -89.78   -269.30  0.00     0.00     0.00     -21.34   -0.00    0.00     1.13     -649.64 
152      0.84     0.94     10.19    143.40   -409.67  -90.24   -269.12  0.00     0.00     0.00     -21.52   -0.00    0.00     1.12     -646.02 
153      0.84     0.94     10.20    144.89   -411.30  -90.65   -268.89  0.00     0.00     0.00     -21.68   -0.00    0.00     1.13     -646.49 
154      0.84     0.94     10.20    150.11   -415.45  -90.38   -268.69  0.00     0.00     0.00     -21.75   -0.00    0.00     1.14     -645.02 
155      0.84     0.94     10.20    152.99   -418.63  -89.59   -268.55  0.00     0.00     0.00     -21.71   0.00     0.00     1.14     -644.35 
156      0.84     0.94     10.20    151.47   -418.59  -88.62   -268.50  0.00     0.00     0.00     -21.48   0.00     0.00     1.13     -644.59 
157      0.84     0.94     10.20    151.66   -416.11  -88.11   -268.43  0.00     0.00     0.00     -21.14   0.00     0.00     1.12     -641.00 
158      0.84     0.94     10.20    155.73   -414.85  -88.41   -268.38  0.00     0.00     0.00     -20.74   0.00     0.00     1.11     -635.54 
159      0.84     0.94     10.20    155.35   -416.36  -89.49   -268.33  0.00     0.00     0.00     -20.38   0.00     0.00     1.12     -638.09 
160      0.84     0.94     10.20    149.89   -417.72  -89.98   -268.27  0.00     0.00     0.00     -20.12   0.00     0.00     1.14     -645.07 
161      0.84     0.94     10.20    150.95   -415.93  -90.31   -268.11  0.00     0.00     0.00     -19.92   0.00     0.00     1.17     -642.16 
162      0.84     0.94     10.20    155.47   -413.14  -90.64   -267.89  0.00     0.00     0.00     -19.80   0.00     0.00     1.19     -634.82 
163      0.84     0.94     10.20    153.58   -413.74  -90.81   -267.67  0.00     0.00     0.00     -19.78   0.00     0.00     1.20     -637.22 
164      0.84     0.94     10.20    149.66   -416.15  -90.64   -267.45  0.00     0.00     0.00     -19.84   0.00     0.00     1.20     -643.21 
165      0.84     0.94     10.20    151.70   -416.93  -90.28   -267.24  0.00     0.00     0.00     -19.96   0.00     0.00     1.22     -641.49 
166      0.84     0.94     10.20    155.62   -418.31  -90.05   -267.00  0.00     0.00     0.00     -20.10   0.00     0.00     1.25     -638.59 
167      0.84     0.94     10.20    153.63   -421.54  -89.94   -266.72  0.00     0.00     0.00     -20.23   0.00     0.00     1.29     -643.51 
168      0.84     0.94     10.20    153.37   -423.04  -90.03   -266.38  0.00     0.00     0.00     -20.28   0.00     0.00     1.32     -645.04 
169      0.84     0.94     10.20    155.17   -422.67  -90.16   -266.05  0.00     0.00     0.00     -20.18   0.00     0.00     1.35     -642.55 
170      0.84     0.94     10.19    152.64   -422.88  -89.96   -265.81  0.00     0.00     0.00     -19.97   0.00     0.00     1.36     -644.62 
171      0.84     0.94     10.19    147.46   -424.19  -89.91   -265.69  0.00     0.00     0.00     -19.71   0.00     0.00     1.35     -650.70 
172      0.84     0.94     10.19    148.26   -424.94  -90.03   -265.74  0.00     0.00     0.00     -19.45   0.00     0.00     1.34     -650.56 
173      0.84     0.94     10.20    157.62   -423.73  -90.21   -265.91  0.00     0.00     0.00     -19.22   0.00     0.00     1.33     -640.12 
174      0.84     0.94     10.20    163.37   -421.34  -90.43   -266.15  0.00     0.00     0.00     -19.10   0.00     0.00     1.34     -632.30 
175      0.84     0.94     10.19    158.42   -419.85  -90.59   -266.38  0.00     0.00     0.00     -19.08   0.00     0.00     1.35     -636.13 
176      0.84     0.94     10.19    155.31   -418.92  -90.48   -266.54  0.00     0.00     0.00     -19.09   0.00     0.00     1.36     -638.35 
177      0.84     0.94     10.18    158.67   -416.39  -90.35   -266.57  0.00     0.00     0.00     -19.08   0.00     0.00     1.37     -632.35 
178      0.84     0.94     10.17    153.90   -415.23  -90.52   -266.48  0.00     0.00     0.00     -19.08   0.00     0.00     1.37     -636.04 
179      0.84     0.94     10.17    143.73   -416.35  -90.81   -266.36  0.00     0.00     0.00     -19.12   0.00     0.00     1.38     -647.53 
180      0.84     0.94     10.17    144.41   -416.59  -90.94   -266.24  0.00     0.00     0.00     -19.26   0.00     0.00     1.39     -647.22 
181      0.84     0.94     10.17    152.89   -415.76  -90.97   -266.17  0.00     0.00     0.00     -19.49   0.00     0.00     1.41     -638.10 
182      0.84     0.94     10.17    155.26   -415.21  -90.92   -266.19  0.00     0.00     0.00     -19.75   0.00     0.00     1.42     -635.39 
183      0.84     0.94     10.17    151.84   -416.77  -90.61   -266.36  0.00     0.00     0.00     -19.91   0.00     0.00     1.42     -640.38 
184      0.84     0.94     10.16    149.70   -419.45  -90.38   -266.60  0.00     0.00     0.00     -19.88   0.00     0.00     1.41     -645.20 
185      0.84     0.94     10.16    150.89   -419.62  -90.46   -266.84  0.00     0.00     0.00     -19.66   0.00     0.00     1.40     -644.29 
186      0.83     0.94     10.15    154.55   -417.45  -90.64   -267.01  0.00     0.00     0.00     -19.44   0.00     0.00     1.39     -638.59 
187      0.83     0.94     10.14    160.07   -417.37  -90.50   -267.14  0.00     0.00     0.00     -19.34   0.00     0.00     1.39     -632.88 
188      0.83     0.94     10.14    163.64   -418.60  -90.23   -267.23  0.00     0.00     0.00     -19.42   0.00     0.00     1.39     -630.45 
189      0.83     0.94     10.14    157.02   -418.99  -90.43   -267.32  0.00     0.00     0.00     -19.62   0.00     0.00     1.40     -637.94 
190      0.83     0.94     10.13    143.87   -419.08  -90.97   -267.38  0.00     0.00     0.00     -19.85   0.00     0.00     1.42     -651.99 
191      0.84     0.94     10.13    139.95   -418.55  -91.56   -267.36  0.00     0.00     0.00     -20.02   0.00     0.00     1.45     -656.10 
192      0.84     0.94     10.12    149.30   -418.92  -91.63   -267.29  0.00     0.00     0.00     -20.10   0.00     0.00     1.46     -647.17 
193      0.84     0.94     10.12    159.36   -420.30  -91.45   -267.29  0.00     0.00     0.00     -20.16   0.00     0.00     1.47     -638.37 
194      0.84     0.94     10.11    160.41   -420.59  -91.16   -267.39  0.00     0.00     0.00     -20.29   0.00     0.00     1.47     -637.54 
195      0.84     0.94     10.11    156.91   -419.15  -90.47   -267.52  0.00     0.00     0.00     -20.46   0.00     0.00     1.46     -639.23 
196      0.84     0.94     10.11    154.08   -415.60  -90.05   -267.71  0.00     0.00     0.00     -20.61   -0.00    0.00     1.46     -638.44 
197      0.84     0.94     10.11    149.00   -412.44  -89.82   -267.90  0.00     0.00     0.00     -20.67   -0.00    0.00     1.46     -640.36 
198      0.84     0.94     10.11    145.41   -410.78  -89.60   -268.07  0.00     0.00     0.00     -20.61   0.00     0.00     1.47     -642.18 
199      0.84     0.94     10.11    149.74   -410.38  -89.33   -268.14  0.00     0.00     0.00     -20.41   0.00     0.00     1.48     -637.04 
200      0.84     0.94     10.12    156.02   -410.49  -88.90   -268.12  0.00     0.00     0.00     -20.19   0.00     0.00     1.50     -630.18 
201      0.83     0.94     10.12    154.79   -411.72  -88.50   -267.99  0.00     0.00     0.00     -20.08   0.00     0.00     1.53     -631.96 
202      0.83     0.94     10.12    148.30   -413.97  -88.12   -267.84  0.00     0.00     0.00     -20.19   0.00     0.00     1.57     -640.25 
203      0.83     0.94     10.12    143.70   -414.77  -88.15   -267.73  0.00     0.00     0.00     -20.48   -0.00    0.00     1.61     -645.82 
204      0.84     0.94     10.12    141.57   -414.01  -88.12   -267.73  0.00     0.00     0.00     -20.80   -0.00    0.00     1.66     -647.44 
205      0.84     0.94     10.11    141.78   -412.11  -87.73   -267.84  0.00     0.00     0.00     -21.10   0.00     0.00     1.69     -645.32 
206      0.84     0.94     10.11    143.46   -409.73  -87.07   -268.04  0.00     0.00     0.00     -21.41   0.00     0.00     1.71     -641.08 
207      0.84     0.94     10.10    145.23   -409.64  -86.61   -268.29  0.00     0.00     0.00     -21.68   0.00     0.00     1.72     -639.27 
208      0.84     0.94     10.10    149.26   -413.15  -86.75   -268.49  0.00     0.00     0.00     -21.84   0.00     0.00     1.71     -639.26 
209      0.84     0.94     10.10    154.63   -415.21  -87.61   -268.60  0.00     0.00     0.00     -21.88   0.00     0.00     1.70     -636.97 
210      0.84     0.94     10.11    156.89   -413.94  -88.04   -268.66  0.00     0.00     0.00     -21.79   0.00     0.00     1.69     -633.86 
211      0.84     0.94     10.11    160.49   -411.27  -88.43   -268.70  0.00     0.00     0.00     -21.61   -0.00    0.00     1.68     -627.85 
212      0.84     0.94     10.11    165.93   -408.52  -88.85   -268.73  0.00     0.00     0.00     -21.42   -0.00    0.00     1.68     -619.91 
213      0.84     0.94     10.11    163.89   -408.90  -88.98   -268.86  0.00     0.00     0.00     -21.29   0.00     0.00     1.68     -622.46 
214      0.84     0.94     10.11    148.13   -412.07  -88.82   -269.09  0.00     0.00     0.00     -21.24   0.00     0.00     1.68     -641.42 
215      0.84     0.94     10.12    134.54   -412.50  -88.48   -269.33  0.00     0.00     0.00     -21.26   0.00     0.00     1.67     -655.35 
216      0.84     0.94     10.12    135.04   -410.18  -88.52   -269.56  0.00     0.00     0.00     -21.38   0.00     0.00     1.66     -652.94 
217      0.84     0.94     10.12    147.21   -406.73  -89.20   -269.70  0.00     0.00     0.00     -21.57   0.00     0.00     1.64     -638.35 
218      0.83     0.94     10.12    159.35   -403.49  -89.98   -269.79  0.00     0.00     0.00     -21.75   0.00     0.00     1.61     -624.04 
219      0.84     0.94     10.12    157.83   -402.76  -90.62   -269.94  0.00     0.00     0.00     -21.90   0.00     0.00     1.58     -625.81 
220      0.84     0.94     10.11    144.24   -405.14  -90.86   -270.19  0.00     0.00     0.00     -22.05   0.00     0.00     1.55     -642.45 
221      0.84     0.94     10.10    143.55   -407.17  -90.67   -270.47  0.00     0.00     0.00     -22.22   0.00     0.00     1.51     -645.47 
222      0.84     0.94     10.10    155.75   -407.27  -90.54   -270.79  0.00     0.00     0.00     -22.34   0.00     0.00     1.47     -633.72 
223      0.84     0.94     10.10    157.19   -406.87  -90.84   -271.13  0.00     0.00     0.00     -22.35   0.00     0.00     1.44     -632.57 
224      0.84     0.94     10.10    152.53   -407.28  -91.57   -271.45  0.00     0.00     0.00     -22.28   0.00     0.00     1.41     -638.63 
225      0.84     0.94     10.09    158.94   -408.77  -91.65   -271.72  0.00     0.00     0.00     -22.20   0.00     0.00     1.40     -634.00 
226      0.84     0.94     10.09    172.28   -410.44  -90.90   -271.90  0.00     0.00     0.00     -22.18   0.00     0.00     1.40     -621.75 
227      0.84     0.94     10.09    173.76   -412.46  -90.01   -272.07  0.00     0.00     0.00     -22.21   0.00     0.00     1.41     -621.57 
228      0.84     0.94     10.09    169.06   -413.57  -89.45   -272.25  0.00     0.00     0.00     -22.16   0.00     0.00     1.40     -626.96 
229      0.84     0.94     10.10    167.50   -413.67  -89.04   -272.47  0.00     0.00     0.00     -21.97   0.00     0.00     1.39     -628.26 
230      0.84     0.94     10.10    164.87   -413.08  -88.47   -272.71  0.00     0.00     0.00     -21.69   0.00     0.00     1.37     -629.73 
231      0.84     0.94     10.11    163.15   -412.79  -87.51   -272.89  0.00     0.00     0.00     -21.44   0.00     0.00     1.34     -630.14 
232      0.83     0.94     10.11    167.38   -411.79  -87.15   -273.05  0.00     0.00     0.00     -21.29   0.00     0.00     1.31     -624.59 
233      0.83     0.94     10.10    169.17   -411.20  -87.17   -273.20  0.00     0.00     0.00     -21.31   0.00     0.00     1.29     -622.43 
234      0.84     0.94     10.10    164.07   -413.24  -87.38   -273.38  0.00     0.00     0.00     -21.54   0.00     0.00     1.28     -630.20 
235      0.84     0.94     10.10    161.25   -415.87  -87.61   -273.57  0.00     0.00     0.00     -21.82   0.00     0.00     1.28     -636.34 
236      0.84     0.94     10.10    163.94   -416.28  -87.70   -273.78  0.00     0.00     0.00     -21.98   0.00     0.00     1.27     -634.54 
237      0.83     0.94     10.09    163.58   -416.91  -87.61   -274.05  0.00     0.00     0.00     -21.99   0.00     0.00     1.25     -635.72 
238      0.83     0.93     10.09    162.08   -417.65  -87.46   -274.30  0.00     0.00     0.00     -21.87   0.00     0.00     1.24     -637.96 
239      0.83     0.93     10.09    165.00   -416.58  -87.96   -274.51  0.00     0.00     0.00     -21.67   0.00     0.00     1.23     -634.49 
240      0.83     0.93     10.08    165.49   -414.41  -88.67   -274.64  0.00     0.00     0.00     -21.49   0.00     0.00     1.22     -632.50 
241      0.83     0.93     10.08    159.26   -413.22  -88.69   -274.72  0.00     0.00     0.00     -21.40   0.00     0.00     1.22     -637.55 
242      0.83     0.93     10.08    155.45   -411.43  -88.42   -274.74  0.00     0.00     0.00     -21.42   0.00     0.00     1.22     -639.34 
243      0.83     0.93     10.08    160.96   -408.36  -88.43   -274.73  0.00     0.00     0.00     -21.51   0.00     0.00     1.21     -630.85 
244      0.83     0.93     10.08    165.63   -406.70  -88.75   -274.74  0.00     0.00     0.00     -21.60   0.00     0.00     1.20     -624.96 
245      0.83     0.93     10.09    162.36   -408.33  -88.84   -274.87  0.00     0.00     0.00     -21.64   0.00     0.00     1.19     -630.12 
246      0.83     0.93     10.09    164.25   -411.55  -88.79   -275.10  0.00     0.00     0.00     -21.60   0.00     0.00     1.18     -631.60 
247      0.83     0.93     10.09    166.00   -413.62  -88.89   -275.32  0.00     0.00     0.00     -21.51   0.00     0.00     1.18     -632.17 
248      0.83     0.93     10.09    157.10   -413.34  -88.97   -275.46  0.00     0.00     0.00     -21.42   0.00     0.00     1.17     -640.93 
249      0.83     0.93     10.09    149.39   -411.58  -88.97   -275.46  0.00     0.00     0.00     -21.35   0.00     0.00     1.17     -646.79 
250      0.83     0.93     10.09    149.45   -411.45  -88.71   -275.29  0.00     0.00     0.00     -21.24   0.00     0.00     1.17     -646.07 
251      0.83     0.93     10.09    146.40   -412.43  -87.68   -274.98  0.00     0.00     0.00     -21.06   0.00     0.00     1.15     -648.61 
252      0.83     0.93     10.09    146.91   -411.41  -86.94   -274.57  0.00     0.00     0.00     -20.81   0.00     0.00     1.13     -645.69 
253      0.82     0.93     10.09    158.39   -408.08  -86.52   -274.19  0.00     0.00     0.00     -20.59   0.00     0.00     1.10     -629.89 
254      0.82     0.93     10.08    169.21   -407.28  -86.20   -273.95  0.00     0.00     0.00     -20.58   0.00     0.00     1.08     -617.71 
255      0.82     0.93     10.08    169.11   -410.01  -85.89   -273.86  0.00     0.00     0.00     -20.82   0.00     0.00     1.08     -620.39 
256      0.83     0.93     10.07    166.83   -411.45  -85.59   -273.88  0.00     0.00     0.00     -21.13   0.00     0.00     1.08     -624.13 
257      0.83     0.93     10.07    162.56   -410.66  -85.07   -273.97  0.00     0.00     0.00     -21.34   0.00     0.00     1.09     -627.38 
258      0.83     0.93     10.08    151.66   -411.16  -84.21   -274.07  0.00     0.00     0.00     -21.41   0.00     0.00     1.10     -638.09 
259      0.83     0.93     10.09    145.93   -411.08  -83.47   -274.03  0.00     0.00     0.00     -21.36   0.00     0.00     1.10     -642.91 
260      0.82     0.93     10.09    152.75   -408.74  -82.94   -273.84  0.00     0.00     0.00     -21.29   0.00     0.00     1.10     -632.95 
261      0.82     0.93     10.10    160.92   -406.52  -83.24   -273.55  0.00     0.00     0.00     -21.28   0.00     0.00     1.10     -622.56 
262      0.82     0.93     10.10    161.52   -407.02  -83.70   -273.23  0.00     0.00     0.00     -21.35   0.00     0.00     1.11     -622.67 
263      0.82     0.93     10.10    156.11   -408.39  -83.86   -272.98  0.00     0.00     0.00     -21.42   0.00     0.00     1.13     -629.41 
264      0.82     0.93     10.10    150.73   -409.48  -83.57   -272.77  0.00     0.00     0.00     -21.45   0.00     0.00     1.15     -635.40 
265      0.82     0.93     10.09    147.92   -409.95  -83.24   -272.69  0.00     0.00     0.00     -21.47   0.00     0.00     1.16     -638.27 
266      0.82     0.93     10.09    149.63   -409.59  -82.87   -272.68  0.00     0.00     0.00     -21.55   0.00     0.00     1.16     -635.90 
267      0.82     0.93     10.09    153.54   -409.95  -82.62   -272.72  0.00     0.00     0.00     -21.66   0.00     0.00     1.17     -632.24 
268      0.82     0.93     10.09    153.35   -411.10  -82.70   -272.74  0.00     0.00     0.00     -21.77   0.00     0.00     1.17     -633.78 
269      0.82     0.93     10.09    149.57   -411.71  -83.57   -272.76  0.00     0.00     0.00     -21.84   0.00     0.00     1.19     -639.11 
270      0.82     0.93     10.10    147.03   -412.47  -83.80   -272.76  0.00     0.00     0.00     -21.80   0.00     0.00     1.21     -642.58 
271      0.82     0.93     10.10    144.33   -413.60  -83.56   -272.76  0.00     0.00     0.00     -21.61   0.00     0.00     1.24     -645.96 
272      0.82     0.93     10.11    138.33   -413.82  -83.41   -272.83  0.00     0.00     0.00     -21.29   0.00     0.00     1.26     -651.76 
273      0.82     0.93     10.12    134.80   -412.81  -83.24   -272.89  0.00     0.00     0.00     -20.94   0.00     0.00     1.29     -653.79 
274      0.82     0.93     10.12    143.22   -410.88  -82.85   -272.89  0.00     0.00     0.00     -20.64   0.00     0.00     1.30     -642.74 
275      0.81     0.93     10.12    155.05   -408.74  -82.41   -272.84  0.00     0.00     0.00     -20.46   0.00     0.00     1.32     -628.09 
276      0.81     0.92     10.12    156.75   -406.86  -82.18   -272.77  0.00     0.00     0.00     -20.40   0.00     0.00     1.33     -624.13 
277      0.81     0.93     10.11    154.15   -405.52  -82.93   -272.69  0.00     0.00     0.00     -20.39   0.00     0.00     1.34     -626.05 
278      0.81     0.93     10.11    157.34   -405.23  -84.26   -272.60  0.00     0.00     0.00     -20.39   0.00     0.00     1.34     -623.80 
279      0.82     0.93     10.10    156.43   -404.75  -84.24   -272.52  0.00     0.00     0.00     -20.41   0.00     0.00     1.34     -624.15 
280      0.81     0.93     10.11    143.71   -404.09  -83.95   -272.45  0.00     0.00     0.00     -20.46   0.00     0.00     1.34     -635.90 
281      0.81     0.93     10.11    137.82   -406.02  -83.68   -272.35  0.00     0.00     0.00     -20.56   0.00     0.00     1.33     -643.47 
282      0.81     0.92     10.12    152.07   -409.74  -83.04   -272.23  0.00     0.00     0.00     -20.67   0.00     0.00     1.32     -632.30 
283      0.81     0.92     10.13    164.45   -411.82  -82.17   -272.14  0.00     0.00     0.00     -20.72   0.00     0.00     1.31     -621.10 
284      0.81     0.92     10.13    156.85   -412.23  -82.11   -272.07  0.00     0.00     0.00     -20.66   0.00     0.00     1.30     -628.93 
285      0.81     0.92     10.13    145.21   -413.23  -82.20   -272.00  0.00     0.00     0.00     -20.53   0.00     0.00     1.29     -641.47 
286      0.81     0.92     10.13    148.47   -413.87  -82.17   -271.95  0.00     0.00     0.00     -20.37   0.00     0.00     1.30     -638.59 
287      0.81     0.92     10.13    156.32   -412.56  -81.98   -271.95  0.00     0.00     0.00     -20.22   0.00     0.00     1.31     -629.09 
288      0.81     0.92     10.14    157.16   -409.67  -82.23   -271.98  0.00     0.00     0.00     -20.09   0.00     0.00     1.34     -625.48 
289      0.81     0.92     10.14    153.27   -406.93  -83.13   -272.01  0.00     0.00     0.00     -20.01   0.00     0.00     1.36     -627.46 
290      0.81     0.92     10.14    151.82   -407.34  -83.78   -272.03  0.00     0.00     0.00     -20.00   0.00     0.00     1.38     -629.96 
291      0.81     0.92     10.14    154.54   -408.58  -84.63   -271.97  0.00     0.00     0.00     -20.00   0.00     0.00     1.39     -629.25 
292      0.81     0.92     10.14    157.71   -410.06  -85.97   -271.86  0.00     0.00     0.00     -20.01   0.00     0.00     1.41     -628.78 
293      0.81     0.92     10.13    158.93   -410.75  -86.11   -271.78  0.00     0.00     0.00     -20.00   0.00     0.00     1.42     -628.28 
294      0.81     0.92     10.13    151.46   -410.55  -86.45   -271.69  0.00     0.00     0.00     -19.99   0.00     0.00     1.44     -635.79 
295      0.81     0.92     10.13    142.07   -411.40  -86.73   -271.50  0.00     0.00     0.00     -19.95   0.00     0.00     1.45     -646.06 
296      0.81     0.92     10.14    149.86   -412.07  -86.79   -271.20  0.00     0.00     0.00     -19.91   0.00     0.00     1.45     -638.65 
297      0.81     0.92     10.14    164.19   -411.33  -86.50   -270.88  0.00     0.00     0.00     -19.85   0.00     0.00     1.45     -622.92 
298      0.81     0.92     10.14    158.57   -411.65  -86.21   -270.66  0.00     0.00     0.00     -19.79   0.00     0.00     1.44     -628.29 
299      0.81     0.92     10.14    147.86   -413.34  -85.94   -270.49  0.00     0.00     0.00     -19.74   0.00     0.00     1.43     -640.23 
300      0.81     0.92     10.14    159.29   -413.83  -85.63   -270.30  0.00     0.00     0.00     -19.72   0.00     0.00     1.42     -628.77 
301      0.80     0.92     10.14    171.62   -412.61  -85.47   -270.04  0.00     0.00     0.00     -19.68   0.00     0.00     1.43     -614.75 
302      0.80     0.92     10.14    158.46   -410.77  -85.47   -269.74  0.00     0.00     0.00     -19.63   0.00     0.00     1.43     -625.72 
303      0.80     0.92     10.15    145.80   -409.93  -85.58   -269.46  0.00     0.00     0.00     -19.62   0.00     0.00     1.42     -637.37 
304      0.80     0.92     10.15    155.09   -409.91  -85.79   -269.23  0.00     0.00     0.00     -19.71   0.00     0.00     1.41     -628.14 
305      0.80     0.92     10.16    164.97   -410.03  -86.11   -269.07  0.00     0.00     0.00     -19.90   0.00     0.00     1.40     -618.74 
306      0.81     0.92     10.15    155.42   -409.89  -86.64   -268.99  0.00     0.00     0.00     -20.18   0.00     0.00     1.39     -628.90 
307      0.81     0.92     10.15    147.95   -410.58  -87.01   -268.96  0.00     0.00     0.00     -20.48   0.00     0.00     1.38     -637.70 
308      0.81     0.92     10.15    151.57   -411.23  -87.16   -268.91  0.00     0.00     0.00     -20.74   0.00     0.00     1.37     -635.10 
309      0.81     0.92     10.15    150.68   -410.26  -87.10   -268.83  0.00     0.00     0.00     -20.92   0.00     0.00     1.37     -635.05 
310      0.81     0.92     10.15    150.19   -407.50  -86.89   -268.68  0.00     0.00     0.00     -21.00   0.00     0.00     1.37     -632.50 
311      0.80     0.92     10.15    157.64   -404.04  -86.61   -268.45  0.00     0.00     0.00     -20.98   0.00     0.00     1.36     -621.07 
312      0.80     0.92     10.14    162.34   -403.42  -86.59   -268.18  0.00     0.00     0.00     -20.84   0.00     0.00     1.35     -615.34 
313      0.80     0.92     10.14    157.25   -405.87  -86.87   -267.89  0.00     0.00     0.00     -20.58   0.00     0.00     1.33     -622.62 
314      0.80     0.92     10.13    156.03   -407.89  -87.09   -267.73  0.00     0.00     0.00     -20.26   0.00     0.00     1.31     -625.63 
315      0.80     0.92     10.13    159.16   -408.26  -87.34   -267.71  0.00     0.00     0.00     -20.04   0.00     0.00     1.29     -622.91 
316      0.80     0.92     10.13    153.67   -409.06  -87.67   -267.82  0.00     0.00     0.00     -20.01   0.00     0.00     1.27     -629.63 
317      0.80     0.92     10.14    142.65   -410.79  -88.20   -268.09  0.00     0.00     0.00     -20.12   0.00     0.00     1.25     -643.29 
318      0.80     0.92     10.14    138.15   -412.15  -88.76   -268.47  0.00     0.00     0.00     -20.31   0.00     0.00     1.24     -650.31 
319      0.80     0.92     10.14    138.34   -411.63  -89.01   -268.89  0.00     0.00     0.00     -20.56   0.00     0.00     1.23     -650.52 
320      0.81     0.92     10.14    140.54   -408.08  -89.16   -269.25  0.00     0.00     0.00     -20.74   0.00     0.00     1.22     -645.47 
321      0.81     0.92     10.13    144.46   -404.57  -88.94   -269.51  0.00     0.00     0.00     -20.81   0.00     0.00     1.22     -638.14 
322      0.81     0.92     10.13    152.18   -403.83  -88.50   -269.70  0.00     0.00     0.00     -20.75   0.00     0.00     1.23     -629.36 
323      0.81     0.92     10.12    156.12   -405.87  -87.80   -269.86  0.00     0.00     0.00     -20.65   0.00     0.00     1.23     -626.83 
324      0.81     0.92     10.12    150.41   -409.18  -87.35   -269.99  0.00     0.00     0.00     -20.64   0.00     0.00     1.24     -635.52 
325      0.81     0.92     10.12    148.09   -409.96  -87.33   -270.03  0.00     0.00     0.00     -20.74   0.00     0.00     1.25     -638.73 
326      0.80     0.92     10.12    153.60   -408.89  -87.22   -269.99  0.00     0.00     0.00     -20.95   0.00     0.00     1.27     -632.18 
327      0.80     0.92     10.12    153.45   -406.48  -87.35   -269.91  0.00     0.00     0.00     -21.11   0.00     0.00     1.28     -630.12 
328      0.80     0.92     10.12    143.70   -404.59  -87.71   -269.80  0.00     0.00     0.00     -21.11   0.00     0.00     1.30     -638.20 
329      0.80     0.92     10.12    138.23   -405.14  -88.17   -269.68  0.00     0.00     0.00     -21.02   0.00     0.00     1.33     -644.45 
330      0.80     0.92     10.12    142.13   -406.61  -88.45   -269.51  0.00     0.00     0.00     -20.94   0.00     0.00     1.36     -642.02 
331      0.80     0.92     10.12    145.76   -407.28  -88.26   -269.36  0.00     0.00     0.00     -20.93   0.00     0.00     1.39     -638.68 
332      0.80     0.92     10.11    148.97   -406.78  -87.73   -269.25  0.00     0.00     0.00     -20.94   0.00     0.00     1.42     -634.31 
333      0.80     0.92     10.11    156.24   -407.28  -87.38   -269.17  0.00     0.00     0.00     -20.94   0.00     0.00     1.44     -627.10 
334      0.80     0.92     10.11    164.65   -408.81  -87.01   -269.08  0.00     0.00     0.00     -20.94   0.00     0.00     1.45     -619.75 
335      0.80     0.92     10.11    166.76   -410.44  -86.70   -268.99  0.00     0.00     0.00     -20.94   0.00     0.00     1.45     -618.87 
336      0.80     0.92     10.11    159.34   -412.64  -86.41   -268.82  0.00     0.00     0.00     -20.92   0.00     0.00     1.45     -628.00 
337      0.80     0.92     10.10    154.96   -413.85  -86.20   -268.51  0.00     0.00     0.00     -20.84   0.00     0.00     1.44     -632.99 
338      0.80     0.92     10.10    160.35   -411.37  -85.98   -268.07  0.00     0.00     0.00     -20.69   0.00     0.00     1.44     -624.33 
339      0.80     0.92     10.09    163.66   -407.03  -85.83   -267.65  0.00     0.00     0.00     -20.44   0.00     0.00     1.43     -615.87 
340      0.80     0.92     10.09    160.49   -402.75  -85.40   -267.33  0.00     0.00     0.00     -20.20   0.00     0.00     1.42     -613.78 
341      0.80     0.92     10.09    158.96   -400.38  -84.91   -267.19  0.00     0.00     0.00     -20.10   0.00     0.00     1.40     -612.23 
342      0.80     0.92     10.09    158.21   -401.22  -84.81   -267.26  0.00     0.00     0.00     -20.19   0.00     0.00     1.38     -613.88 
343      0.80     0.92     10.09    158.99   -404.35  -84.84   -267.46  0.00     0.00     0.00     -20.41   0.00     0.00     1.36     -616.72 
344      0.80     0.92     10.08    163.68   -405.54  -84.83   -267.66  0.00     0.00     0.00     -20.73   0.00     0.00     1.34     -613.73 
345      0.80     0.92     10.07    160.49   -406.41  -84.87   -267.79  0.00     0.00     0.00     -21.05   0.00     0.00     1.33     -618.30 
346      0.80     0.92     10.06    153.58   -408.92  -84.48   -267.85  0.00     0.00     0.00     -21.26   0.00     0.00     1.33     -627.60 
347      0.80     0.92     10.06    158.24   -411.28  -83.83   -267.78  0.00     0.00     0.00     -21.35   0.00     0.00     1.33     -624.67 
348      0.80     0.92     10.06    164.56   -412.24  -83.53   -267.64  0.00     0.00     0.00     -21.30   0.00     0.00     1.33     -618.82 
349      0.80     0.92     10.06    156.29   -411.58  -83.42   -267.55  0.00     0.00     0.00     -21.17   0.00     0.00     1.34     -626.10 
350      0.80     0.92     10.06    149.74   -409.43  -83.62   -267.55  0.00     0.00     0.00     -21.01   0.00     0.00     1.34     -630.53 
351      0.80     0.92     10.06    153.59   -409.26  -84.06   -267.69  0.00     0.00     0.00     -20.89   0.00     0.00     1.34     -626.97 
352      0.80     0.92     10.05    158.50   -411.67  -84.47   -267.91  0.00     0.00     0.00     -20.93   0.00     0.00     1.34     -625.13 
353      0.80     0.92     10.04    157.36   -413.08  -84.90   -268.15  0.00     0.00     0.00     -21.17   0.00     0.00     1.35     -628.60 
354      0.80     0.92     10.04    155.94   -412.07  -85.55   -268.40  0.00     0.00     0.00     -21.46   0.00     0.00     1.37     -630.18 
355      0.80     0.92     10.03    155.34   -411.22  -86.41   -268.65  0.00     0.00     0.00     -21.69   0.00     0.00     1.38     -631.24 
356      0.80     0.92     10.03    158.29   -410.96  -86.42   -268.89  0.00     0.00     0.00     -21.84   0.00     0.00     1.38     -628.43 
357      0.80     0.92     10.02    160.24   -408.48  -86.41   -269.12  0.00     0.00     0.00     -21.92   0.00     0.00     1.39     -624.30 
358      0.80     0.92     10.02    156.27   -405.44  -86.65   -269.29  0.00     0.00     0.00     -21.95   0.00     0.00     1.39     -625.66 
359      0.80     0.92     10.01    149.54   -405.09  -87.07   -269.39  0.00     0.00     0.00     -22.00   0.00     0.00     1.40     -632.61 
360      0.80     0.92     10.01    152.72   -408.30  -87.14   -269.46  0.00     0.00     0.00     -22.09   0.00     0.00     1.40     -632.87 
361      0.80     0.92     10.01    164.21   -411.85  -86.84   -269.54  0.00     0.00     0.00     -22.27   0.00     0.00     1.42     -624.87 
362      0.80     0.92     10.00    166.67   -413.08  -87.06   -269.67  0.00     0.00     0.00     -22.45   0.00     0.00     1.44     -624.15 
363      0.80     0.92     10.00    159.77   -412.36  -87.71   -269.79  0.00     0.00     0.00     -22.62   0.00     0.00     1.45     -631.26 
364      0.80     0.92     10.00    159.89   -413.15  -88.36   -269.85  0.00     0.00     0.00     -22.76   0.00     0.00     1.45     -632.78 
365      0.80     0.92     10.00    164.60   -415.25  -87.58   -269.86  0.00     0.00     0.00     -22.83   0.00     0.00     1.45     -629.48 
366      0.80     0.92     10.00    164.11   -415.36  -87.19   -269.83  0.00     0.00     0.00     -22.85   0.00     0.00     1.45     -629.66 
367      0.80     0.92     10.00    160.86   -414.05  -87.41   -269.68  0.00     0.00     0.00     -22.73   0.00     0.00     1.46     -631.54 
368      0.80     0.92     10.00    162.51   -411.53  -87.42   -269.48  0.00     0.00     0.00     -22.48   0.00     0.00     1.47     -626.93 
369      0.80     0.92     10.01    165.93   -407.51  -86.98   -269.38  0.00     0.00     0.00     -22.21   0.00     0.00     1.49     -618.66 
370      0.80     0.92     10.01    161.92   -405.10  -86.33   -269.44  0.00     0.00     0.00     -22.07   0.00     0.00     1.48     -619.55 
371      0.80     0.92     10.01    151.99   -406.54  -85.67   -269.69  0.00     0.00     0.00     -22.11   0.00     0.00     1.47     -630.55 
372      0.80     0.92     10.01    147.01   -410.41  -85.38   -269.99  0.00     0.00     0.00     -22.27   0.00     0.00     1.45     -639.59 
373      0.80     0.92     10.00    151.10   -412.64  -85.40   -270.25  0.00     0.00     0.00     -22.45   0.00     0.00     1.43     -638.21 
374      0.80     0.92     10.00    162.07   -412.54  -85.90   -270.37  0.00     0.00     0.00     -22.50   0.00     0.00     1.41     -627.85 
375      0.80     0.92     10.01    169.28   -411.93  -86.68   -270.32  0.00     0.00     0.00     -22.41   0.00     0.00     1.39     -620.68 
376      0.80     0.92     10.01    166.01   -412.68  -87.36   -270.14  0.00     0.00     0.00     -22.22   0.00     0.00     1.36     -625.03 
377      0.80     0.92     10.02    162.60   -413.26  -87.31   -269.92  0.00     0.00     0.00     -22.06   0.00     0.00     1.34     -628.61 
378      0.80     0.92     10.03    164.81   -412.82  -87.18   -269.74  0.00     0.00     0.00     -22.02   0.00     0.00     1.32     -625.62 
379      0.80     0.92     10.04    166.00   -412.74  -87.30   -269.68  0.00     0.00     0.00     -22.06   0.00     0.00     1.30     -624.48 
380      0.80     0.92     10.04    162.07   -414.59  -87.55   -269.71  0.00     0.00     0.00     -22.09   0.00     0.00     1.30     -630.58 
381      0.80     0.92     10.05    167.42   -416.63  -87.85   -269.77  0.00     0.00     0.00     -22.05   0.00     0.00     1.30     -627.56 
382      0.80     0.92     10.05    177.02   -416.69  -88.20   -269.83  0.00     0.00     0.00     -21.92   0.00     0.00     1.32     -618.31 
383      0.80     0.91     10.05    173.41   -414.48  -88.03   -269.86  0.00     0.00     0.00     -21.79   0.00     0.00     1.35     -619.40 
384      0.80     0.91     10.06    160.74   -412.39  -87.98   -269.86  0.00     0.00     0.00     -21.73   0.00     0.00     1.37     -629.84 
385      0.80     0.91     10.06    164.24   -413.03  -88.04   -269.80  0.00     0.00     0.00     -21.77   0.00     0.00     1.38     -627.03 
386      0.80     0.92     10.07    181.93   -414.90  -87.72   -269.74  0.00     0.00     0.00     -21.90   0.00     0.00     1.39     -610.95 
387      0.80     0.92     10.07    186.23   -415.96  -87.43   -269.72  0.00     0.00     0.00     -22.05   0.00     0.00     1.39     -607.54 
388      0.80     0.92     10.08    177.19   -415.24  -87.16   -269.71  0.00     0.00     0.00     -22.16   0.00     0.00     1.40     -615.69 
389      0.79     0.91     10.08    171.79   -413.39  -87.11   -269.59  0.00     0.00     0.00     -22.16   0.00     0.00     1.41     -619.05 
390      0.79     0.91     10.09    171.83   -412.43  -87.58   -269.34  0.00     0.00     0.00     -22.00   0.00     0.00     1.42     -618.10 
391      0.79     0.91     10.09    172.03   -409.04  -88.28   -269.02  0.00     0.00     0.00     -21.75   0.00     0.00     1.43     -614.63 
392      0.79     0.91     10.10    171.24   -405.87  -88.50   -268.69  0.00     0.00     0.00     -21.54   0.00     0.00     1.43     -611.94 
393      0.79     0.91     10.11    166.82   -407.67  -89.02   -268.42  0.00     0.00     0.00     -21.50   0.00     0.00     1.41     -618.38 
394      0.79     0.91     10.11    159.86   -411.30  -88.95   -268.27  0.00     0.00     0.00     -21.54   0.00     0.00     1.37     -628.84 
395      0.79     0.91     10.12    156.70   -412.47  -88.63   -268.14  0.00     0.00     0.00     -21.60   0.00     0.00     1.33     -632.82 
396      0.79     0.91     10.12    156.37   -412.92  -88.95   -267.95  0.00     0.00     0.00     -21.58   0.00     0.00     1.29     -633.75 
397      0.79     0.91     10.13    159.99   -412.68  -89.00   -267.75  0.00     0.00     0.00     -21.52   0.00     0.00     1.25     -629.71 
398      0.79     0.91     10.13    166.77   -411.22  -89.37   -267.59  0.00     0.00     0.00     -21.51   0.00     0.00     1.22     -621.69 
399      0.79     0.91     10.14    173.64   -411.84  -89.62   -267.53  0.00     0.00     0.00     -21.63   0.00     0.00     1.19     -615.79 
400      0.79     0.91     10.14    184.56   -414.20  -89.94   -267.58  0.00     0.00     0.00     -21.89   0.00     0.00     1.17     -607.88 
401      0.79     0.91     10.14    196.74   -414.53  -90.08   -267.71  0.00     0.00     0.00     -22.18   0.00     0.00     1.15     -596.60 
