Steps    Q        Qc       Rg       Backbone Rama     Contact  Fragment Membrane ER       TBM_Q    Beta     Pap      Helical  Debye_huckel Total   
0        1.00     1.00     10.06    80.42    -357.54  -74.08   -618.14  0.00     0.00     0.00     -23.45   0.00     0.00     0.74     -992.06 
1        0.95     0.99     10.11    5.05     -442.44  -87.50   -622.07  0.00     0.00     0.00     -24.37   -0.00    0.00     1.00     -1170.33
2        0.70     0.87     10.30    327.33   -386.98  -84.14   -589.21  0.00     0.00     0.00     -18.15   -0.00    0.00     1.16     -750.00 
3        0.52     0.71     10.39    305.94   -412.05  -81.07   -578.84  0.00     0.00     0.00     -13.90   -0.00    0.00     0.75     -779.18 
4        0.36     0.46     12.56    333.21   -392.25  -64.49   -572.40  0.00     0.00     0.00     -14.76   0.00     0.00     1.95     -708.73 
5        0.35     0.47     12.44    312.16   -397.52  -72.01   -575.70  0.00     0.00     0.00     -16.19   -0.00    0.00     1.74     -747.52 
6        0.35     0.48     11.82    344.69   -389.71  -67.64   -574.57  0.00     0.00     0.00     -15.90   0.00     0.00     1.60     -701.53 
7        0.35     0.45     11.87    347.12   -393.06  -83.12   -570.31  0.00     0.00     0.00     -14.58   -0.00    0.00     2.23     -711.72 
8        0.40     0.53     12.12    327.17   -384.12  -74.41   -577.22  0.00     0.00     0.00     -16.96   0.00     0.00     1.91     -723.62 
9        0.41     0.55     11.75    301.55   -382.36  -67.23   -577.51  0.00     0.00     0.00     -16.12   0.00     0.00     1.83     -739.83 
10       0.44     0.57     11.18    342.52   -387.82  -69.75   -585.38  0.00     0.00     0.00     -17.15   -0.00    0.00     1.31     -716.27 
11       0.33     0.40     12.72    322.69   -366.52  -71.32   -575.34  0.00     0.00     0.00     -17.85   0.00     0.00     1.96     -706.38 
12       0.39     0.51     11.16    290.32   -374.58  -79.82   -567.85  0.00     0.00     0.00     -16.61   -0.00    0.00     2.15     -746.39 
13       0.34     0.44     12.16    297.79   -369.08  -76.06   -576.71  0.00     0.00     0.00     -16.17   -0.00    0.00     1.08     -739.16 
14       0.24     0.28     14.53    329.45   -349.84  -60.18   -556.07  0.00     0.00     0.00     -13.08   -0.00    0.00     1.93     -647.79 
15       0.34     0.46     11.74    348.75   -388.97  -68.74   -574.64  0.00     0.00     0.00     -15.38   -0.00    0.00     1.78     -697.21 
16       0.37     0.47     11.85    341.16   -377.06  -67.70   -581.73  0.00     0.00     0.00     -15.75   -0.00    0.00     2.55     -698.52 
17       0.30     0.34     13.52    286.25   -373.50  -63.02   -576.92  0.00     0.00     0.00     -14.76   0.00     0.00     1.91     -740.04 
18       0.26     0.29     15.45    378.91   -404.87  -61.75   -574.28  0.00     0.00     0.00     -15.08   0.00     0.00     1.72     -675.34 
19       0.37     0.47     13.07    339.10   -388.53  -64.14   -583.93  0.00     0.00     0.00     -14.22   0.00     0.00     2.41     -709.30 
20       0.40     0.48     12.91    304.78   -396.79  -62.32   -577.44  0.00     0.00     0.00     -17.37   -0.00    0.00     2.61     -746.52 
21       0.35     0.41     13.25    319.00   -389.39  -69.44   -572.79  0.00     0.00     0.00     -16.86   -0.00    0.00     1.72     -727.78 
22       0.31     0.34     14.05    320.10   -387.57  -66.55   -560.22  0.00     0.00     0.00     -16.67   0.00     0.00     2.15     -708.76 
23       0.40     0.51     11.73    334.40   -396.62  -78.74   -573.92  0.00     0.00     0.00     -16.81   -0.00    0.00     2.39     -729.29 
24       0.39     0.52     11.77    303.25   -392.96  -86.20   -574.96  0.00     0.00     0.00     -14.82   -0.00    0.00     2.06     -763.63 
25       0.39     0.49     12.18    323.49   -389.04  -77.18   -584.23  0.00     0.00     0.00     -18.62   -0.00    0.00     2.77     -742.81 
26       0.39     0.52     11.46    295.14   -397.36  -75.09   -583.53  0.00     0.00     0.00     -17.45   -0.00    0.00     2.43     -775.86 
27       0.39     0.52     11.94    338.90   -368.90  -81.74   -580.00  0.00     0.00     0.00     -14.44   -0.00    0.00     2.29     -703.89 
28       0.41     0.54     10.94    285.70   -379.40  -78.44   -574.59  0.00     0.00     0.00     -16.32   -0.00    0.00     2.28     -760.77 
29       0.35     0.45     11.95    356.34   -396.33  -75.34   -587.93  0.00     0.00     0.00     -16.31   -0.00    0.00     1.77     -717.80 
30       0.36     0.45     11.71    351.34   -388.26  -66.81   -580.55  0.00     0.00     0.00     -16.68   -0.00    0.00     1.91     -699.05 
31       0.31     0.39     12.91    333.13   -394.73  -80.56   -580.08  0.00     0.00     0.00     -16.20   -0.00    0.00     0.67     -737.77 
32       0.55     0.76     10.84    311.22   -392.99  -81.70   -565.76  0.00     0.00     0.00     -11.85   -0.00    0.00     0.75     -740.31 
33       0.52     0.72     11.38    316.47   -356.68  -73.69   -582.28  0.00     0.00     0.00     -15.84   -0.00    0.00     0.76     -711.25 
34       0.26     0.32     13.62    323.85   -373.99  -59.81   -581.81  0.00     0.00     0.00     -16.35   0.00     0.00     2.08     -706.03 
35       0.28     0.30     15.07    303.56   -388.30  -61.60   -563.58  0.00     0.00     0.00     -15.61   0.00     0.00     1.99     -723.56 
36       0.39     0.50     12.41    328.45   -382.92  -68.37   -565.97  0.00     0.00     0.00     -16.21   0.00     0.00     1.17     -703.86 
37       0.26     0.27     14.18    311.25   -383.24  -64.95   -583.61  0.00     0.00     0.00     -15.79   -0.00    0.00     1.67     -734.67 
38       0.34     0.36     14.98    340.20   -389.85  -61.62   -593.03  0.00     0.00     0.00     -16.67   -0.00    0.00     2.01     -718.96 
39       0.33     0.43     12.87    295.37   -382.57  -64.16   -570.62  0.00     0.00     0.00     -16.60   0.00     0.00     2.31     -736.27 
40       0.30     0.35     13.86    300.18   -387.42  -68.19   -574.49  0.00     0.00     0.00     -17.73   0.00     0.00     1.74     -745.91 
41       0.30     0.37     12.88    308.16   -394.36  -70.27   -579.09  0.00     0.00     0.00     -16.83   -0.00    0.00     1.59     -750.79 
42       0.39     0.54     10.94    284.77   -415.47  -79.74   -600.00  0.00     0.00     0.00     -17.31   -0.00    0.00     0.89     -826.87 
43       0.52     0.69     10.50    311.64   -405.90  -83.85   -575.28  0.00     0.00     0.00     -17.79   0.00     0.00     1.08     -770.10 
44       0.38     0.48     12.94    338.17   -404.00  -73.99   -574.06  0.00     0.00     0.00     -16.79   0.00     0.00     1.24     -729.43 
45       0.39     0.54     11.03    297.44   -420.34  -72.91   -580.30  0.00     0.00     0.00     -16.46   -0.00    0.00     1.25     -791.32 
46       0.41     0.58     11.01    349.81   -423.13  -75.12   -582.12  0.00     0.00     0.00     -17.07   -0.00    0.00     1.45     -746.20 
47       0.39     0.53     12.07    297.86   -411.57  -69.93   -576.54  0.00     0.00     0.00     -13.62   0.00     0.00     1.29     -772.50 
48       0.30     0.39     12.69    323.06   -398.24  -74.51   -588.17  0.00     0.00     0.00     -16.38   -0.00    0.00     1.08     -753.17 
49       0.44     0.61     10.80    354.54   -423.04  -81.90   -584.80  0.00     0.00     0.00     -16.83   -0.00    0.00     1.17     -750.86 
50       0.36     0.45     12.11    297.69   -405.22  -74.92   -573.67  0.00     0.00     0.00     -17.37   -0.00    0.00     2.25     -771.23 
51       0.46     0.64     10.79    313.33   -394.01  -76.55   -572.39  0.00     0.00     0.00     -14.49   -0.00    0.00     1.33     -742.77 
52       0.56     0.75     10.63    312.74   -408.04  -78.78   -593.76  0.00     0.00     0.00     -16.67   -0.00    0.00     1.09     -783.42 
53       0.49     0.65     11.04    325.59   -437.46  -82.83   -589.68  0.00     0.00     0.00     -18.41   0.00     0.00     2.45     -800.33 
54       0.44     0.63     11.04    310.78   -400.42  -78.66   -582.43  0.00     0.00     0.00     -20.55   0.00     0.00     1.26     -770.02 
55       0.39     0.52     12.47    308.81   -413.81  -69.99   -565.42  0.00     0.00     0.00     -14.69   -0.00    0.00     2.50     -752.60 
56       0.38     0.47     12.19    269.26   -387.92  -72.66   -584.05  0.00     0.00     0.00     -16.20   -0.00    0.00     2.16     -789.42 
57       0.55     0.73     10.88    282.97   -392.89  -80.31   -585.97  0.00     0.00     0.00     -14.51   -0.00    0.00     2.28     -788.41 
58       0.38     0.53     10.86    314.97   -399.55  -87.07   -578.44  0.00     0.00     0.00     -13.76   -0.00    0.00     1.56     -762.28 
59       0.35     0.45     11.79    310.68   -390.75  -71.36   -584.74  0.00     0.00     0.00     -16.28   -0.00    0.00     1.51     -750.95 
60       0.42     0.53     12.63    306.22   -399.93  -57.35   -589.45  0.00     0.00     0.00     -17.15   0.00     0.00     1.73     -755.93 
61       0.38     0.50     10.89    287.86   -413.24  -83.75   -593.32  0.00     0.00     0.00     -16.13   -0.00    0.00     1.26     -817.32 
62       0.44     0.56     10.90    295.11   -401.26  -87.07   -571.22  0.00     0.00     0.00     -15.33   -0.00    0.00     1.62     -778.16 
63       0.42     0.58     11.86    273.40   -421.23  -70.07   -596.09  0.00     0.00     0.00     -17.91   0.00     0.00     1.38     -830.53 
64       0.32     0.38     14.14    317.61   -423.93  -69.06   -582.85  0.00     0.00     0.00     -17.76   -0.00    0.00     2.22     -773.77 
65       0.30     0.35     13.77    311.46   -415.15  -70.71   -567.61  0.00     0.00     0.00     -16.08   0.00     0.00     1.69     -756.40 
66       0.32     0.36     13.71    302.38   -402.07  -60.51   -573.08  0.00     0.00     0.00     -17.01   0.00     0.00     1.86     -748.44 
67       0.29     0.31     13.82    296.78   -416.03  -67.55   -575.94  0.00     0.00     0.00     -17.36   0.00     0.00     1.83     -778.28 
68       0.41     0.53     11.27    286.35   -413.13  -78.61   -581.03  0.00     0.00     0.00     -17.01   0.00     0.00     1.75     -801.68 
69       0.43     0.56     12.18    271.54   -419.85  -68.07   -581.94  0.00     0.00     0.00     -13.82   0.00     0.00     2.57     -809.58 
70       0.55     0.74     10.79    290.71   -407.04  -78.05   -589.47  0.00     0.00     0.00     -20.60   0.00     0.00     0.69     -803.77 
71       0.43     0.62     11.41    300.31   -420.30  -77.92   -577.12  0.00     0.00     0.00     -15.82   -0.00    0.00     1.48     -789.36 
72       0.48     0.66     11.18    323.96   -439.68  -79.70   -595.30  0.00     0.00     0.00     -17.93   -0.00    0.00     1.72     -806.94 
73       0.43     0.59     11.42    269.55   -435.71  -71.79   -587.89  0.00     0.00     0.00     -17.32   -0.00    0.00     1.38     -841.78 
74       0.41     0.55     12.32    285.75   -431.35  -70.31   -592.79  0.00     0.00     0.00     -16.94   0.00     0.00     1.59     -824.06 
75       0.49     0.68     11.00    281.95   -417.32  -72.69   -592.61  0.00     0.00     0.00     -16.45   -0.00    0.00     1.69     -815.43 
76       0.64     0.83     10.92    295.34   -428.64  -77.68   -591.72  0.00     0.00     0.00     -18.81   0.00     0.00     1.21     -820.30 
77       0.54     0.75     10.89    302.98   -419.10  -78.68   -591.78  0.00     0.00     0.00     -18.43   -0.00    0.00     1.39     -803.62 
78       0.65     0.83     10.73    298.88   -428.49  -81.14   -597.35  0.00     0.00     0.00     -17.98   -0.00    0.00     1.26     -824.81 
79       0.38     0.47     12.60    275.82   -414.32  -77.54   -590.31  0.00     0.00     0.00     -15.69   -0.00    0.00     1.70     -820.34 
80       0.49     0.65     11.54    295.74   -426.61  -77.26   -585.78  0.00     0.00     0.00     -16.38   0.00     0.00     1.26     -809.01 
81       0.43     0.57     11.38    276.52   -433.91  -76.07   -578.67  0.00     0.00     0.00     -18.97   -0.00    0.00     1.71     -829.39 
82       0.46     0.60     11.28    298.96   -404.02  -77.63   -591.23  0.00     0.00     0.00     -18.40   0.00     0.00     1.53     -790.79 
83       0.49     0.65     10.92    282.88   -420.91  -79.57   -580.45  0.00     0.00     0.00     -14.72   0.00     0.00     0.65     -812.12 
84       0.46     0.63     10.68    254.84   -407.71  -84.04   -593.02  0.00     0.00     0.00     -18.05   -0.00    0.00     0.60     -847.39 
85       0.38     0.50     11.43    265.14   -413.45  -80.10   -583.80  0.00     0.00     0.00     -16.95   -0.00    0.00     1.26     -827.90 
86       0.31     0.36     13.55    276.53   -402.49  -72.83   -577.26  0.00     0.00     0.00     -18.99   0.00     0.00     0.92     -794.12 
87       0.38     0.50     11.03    271.54   -430.31  -75.97   -596.53  0.00     0.00     0.00     -18.41   -0.00    0.00     1.63     -848.05 
88       0.39     0.48     12.62    294.54   -433.84  -69.13   -586.13  0.00     0.00     0.00     -18.26   0.00     0.00     1.43     -811.38 
89       0.34     0.45     11.83    279.85   -437.89  -70.71   -585.99  0.00     0.00     0.00     -15.84   0.00     0.00     1.92     -828.66 
90       0.39     0.47     12.66    287.38   -413.57  -69.25   -589.86  0.00     0.00     0.00     -18.72   -0.00    0.00     1.52     -802.50 
91       0.30     0.36     13.43    260.97   -422.01  -66.48   -578.69  0.00     0.00     0.00     -14.58   0.00     0.00     1.84     -818.94 
92       0.32     0.38     13.61    287.72   -436.50  -67.49   -581.80  0.00     0.00     0.00     -21.45   0.00     0.00     1.79     -817.73 
93       0.47     0.63     11.42    254.19   -406.27  -66.02   -589.87  0.00     0.00     0.00     -17.96   -0.00    0.00     1.28     -824.64 
94       0.43     0.57     11.92    259.64   -422.28  -77.70   -590.34  0.00     0.00     0.00     -17.87   -0.00    0.00     1.85     -846.70 
95       0.38     0.48     12.42    256.05   -431.89  -76.00   -588.59  0.00     0.00     0.00     -18.28   -0.00    0.00     2.06     -856.65 
96       0.40     0.52     11.20    270.45   -418.78  -78.22   -584.12  0.00     0.00     0.00     -16.60   -0.00    0.00     0.97     -826.30 
97       0.42     0.58     10.58    282.82   -428.17  -76.72   -595.41  0.00     0.00     0.00     -19.70   -0.00    0.00     1.05     -836.13 
98       0.51     0.70     10.71    275.69   -411.02  -80.00   -585.63  0.00     0.00     0.00     -17.92   -0.00    0.00     1.16     -817.72 
99       0.42     0.54     11.48    271.13   -418.85  -80.26   -583.04  0.00     0.00     0.00     -16.34   0.00     0.00     1.66     -825.70 
100      0.46     0.60     11.51    275.88   -422.96  -81.99   -575.71  0.00     0.00     0.00     -15.32   -0.00    0.00     1.76     -818.34 
101      0.52     0.71     10.88    268.37   -431.35  -87.15   -586.64  0.00     0.00     0.00     -17.59   -0.00    0.00     1.63     -852.74 
102      0.44     0.55     12.52    286.54   -431.85  -71.83   -587.07  0.00     0.00     0.00     -16.80   0.00     0.00     2.09     -818.94 
103      0.65     0.83     10.53    302.20   -421.75  -84.82   -587.92  0.00     0.00     0.00     -15.23   0.00     0.00     1.76     -805.76 
104      0.47     0.61     11.49    281.54   -432.34  -72.72   -593.10  0.00     0.00     0.00     -18.37   -0.00    0.00     1.66     -833.33 
105      0.46     0.60     11.30    276.59   -438.01  -77.98   -595.13  0.00     0.00     0.00     -16.00   0.00     0.00     1.46     -849.07 
106      0.32     0.42     12.72    280.22   -412.45  -69.79   -589.93  0.00     0.00     0.00     -18.96   0.00     0.00     1.80     -809.10 
107      0.49     0.65     11.07    258.63   -408.21  -70.16   -584.08  0.00     0.00     0.00     -17.19   -0.00    0.00     0.85     -820.16 
108      0.50     0.66     10.80    295.19   -416.48  -80.67   -592.93  0.00     0.00     0.00     -17.64   0.00     0.00     1.77     -810.77 
109      0.41     0.57     11.18    304.00   -405.71  -82.97   -579.53  0.00     0.00     0.00     -17.16   -0.00    0.00     1.48     -779.89 
110      0.42     0.56     11.79    259.39   -422.29  -74.44   -595.76  0.00     0.00     0.00     -18.99   0.00     0.00     1.65     -850.43 
111      0.53     0.71     11.29    264.96   -429.28  -79.62   -588.74  0.00     0.00     0.00     -18.89   0.00     0.00     1.45     -850.12 
112      0.60     0.80     10.44    268.09   -429.74  -87.70   -594.54  0.00     0.00     0.00     -18.62   0.00     0.00     0.87     -861.64 
113      0.37     0.53     11.71    252.20   -388.40  -74.85   -581.69  0.00     0.00     0.00     -15.26   0.00     0.00     2.06     -805.93 
114      0.49     0.65     10.39    298.38   -431.53  -79.26   -588.42  0.00     0.00     0.00     -17.99   -0.00    0.00     1.04     -817.78 
115      0.49     0.62     11.89    255.82   -424.19  -75.09   -586.86  0.00     0.00     0.00     -18.25   0.00     0.00     1.40     -847.18 
116      0.55     0.75     10.87    256.58   -413.83  -80.22   -591.06  0.00     0.00     0.00     -17.61   -0.00    0.00     1.85     -844.29 
117      0.57     0.75     10.38    295.64   -419.68  -90.23   -591.32  0.00     0.00     0.00     -19.50   -0.00    0.00     1.12     -823.97 
118      0.33     0.38     14.35    253.03   -422.35  -67.96   -583.43  0.00     0.00     0.00     -14.60   -0.00    0.00     1.28     -834.02 
119      0.39     0.47     12.75    251.18   -427.35  -69.25   -591.33  0.00     0.00     0.00     -18.87   -0.00    0.00     1.77     -853.85 
120      0.37     0.47     12.31    249.04   -405.56  -79.14   -581.99  0.00     0.00     0.00     -17.33   -0.00    0.00     1.65     -833.33 
121      0.41     0.51     11.65    273.22   -452.38  -79.97   -582.75  0.00     0.00     0.00     -18.30   0.00     0.00     1.35     -858.83 
122      0.51     0.68     10.29    261.68   -424.08  -76.95   -595.88  0.00     0.00     0.00     -18.03   -0.00    0.00     0.79     -852.47 
123      0.46     0.63     11.27    259.63   -430.27  -71.61   -587.81  0.00     0.00     0.00     -16.47   -0.00    0.00     1.63     -844.89 
124      0.35     0.42     13.31    248.64   -438.45  -63.37   -587.67  0.00     0.00     0.00     -16.80   0.00     0.00     2.10     -855.56 
125      0.44     0.55     12.08    281.21   -432.04  -67.18   -598.97  0.00     0.00     0.00     -18.60   -0.00    0.00     1.64     -833.94 
126      0.47     0.61     11.65    260.29   -417.76  -77.35   -590.67  0.00     0.00     0.00     -18.86   -0.00    0.00     2.33     -842.01 
127      0.47     0.60     11.96    266.32   -412.80  -66.23   -594.35  0.00     0.00     0.00     -18.34   0.00     0.00     1.36     -824.06 
128      0.35     0.43     12.88    279.54   -439.34  -69.18   -594.38  0.00     0.00     0.00     -19.78   0.00     0.00     1.82     -841.33 
129      0.50     0.69     11.28    271.02   -431.38  -84.33   -589.78  0.00     0.00     0.00     -18.51   -0.00    0.00     1.89     -851.09 
130      0.52     0.67     11.08    266.26   -422.01  -76.63   -594.12  0.00     0.00     0.00     -18.18   -0.00    0.00     1.70     -842.99 
131      0.61     0.79     10.08    248.63   -425.46  -84.12   -601.33  0.00     0.00     0.00     -19.90   -0.00    0.00     1.06     -881.12 
132      0.53     0.70     11.09    243.30   -431.78  -78.04   -597.70  0.00     0.00     0.00     -18.36   0.00     0.00     1.41     -881.17 
133      0.43     0.58     11.24    256.91   -427.60  -78.95   -597.08  0.00     0.00     0.00     -17.73   -0.00    0.00     1.55     -862.90 
134      0.61     0.79     10.54    274.86   -436.35  -84.12   -583.97  0.00     0.00     0.00     -18.94   0.00     0.00     1.43     -847.09 
135      0.57     0.77     10.42    250.85   -403.06  -78.73   -600.44  0.00     0.00     0.00     -17.27   -0.00    0.00     1.68     -846.96 
136      0.40     0.50     12.20    262.47   -428.59  -66.41   -586.33  0.00     0.00     0.00     -18.46   0.00     0.00     1.87     -835.45 
137      0.45     0.60     11.03    257.33   -421.34  -81.31   -590.39  0.00     0.00     0.00     -16.96   -0.00    0.00     1.35     -851.33 
138      0.41     0.56     10.69    239.28   -426.11  -83.63   -586.75  0.00     0.00     0.00     -17.93   0.00     0.00     0.97     -874.17 
139      0.37     0.49     11.38    245.31   -428.07  -71.42   -592.74  0.00     0.00     0.00     -20.23   0.00     0.00     1.48     -865.67 
140      0.38     0.48     11.36    253.87   -434.38  -76.53   -587.19  0.00     0.00     0.00     -18.41   -0.00    0.00     1.71     -860.93 
141      0.41     0.53     11.16    287.18   -418.34  -83.59   -589.57  0.00     0.00     0.00     -16.08   -0.00    0.00     1.55     -818.86 
142      0.41     0.54     11.24    263.02   -430.17  -79.64   -589.97  0.00     0.00     0.00     -18.92   0.00     0.00     2.04     -853.65 
143      0.48     0.64     10.59    234.09   -428.00  -87.25   -591.88  0.00     0.00     0.00     -17.52   -0.00    0.00     1.20     -889.35 
144      0.51     0.66     11.09    252.00   -440.69  -80.04   -595.52  0.00     0.00     0.00     -20.80   -0.00    0.00     1.64     -883.42 
145      0.53     0.68     11.21    244.29   -428.31  -75.90   -594.65  0.00     0.00     0.00     -20.43   -0.00    0.00     1.50     -873.50 
146      0.54     0.72     10.84    264.34   -428.53  -84.85   -591.98  0.00     0.00     0.00     -20.66   0.00     0.00     1.03     -860.65 
147      0.50     0.65     11.41    242.13   -433.42  -78.70   -596.80  0.00     0.00     0.00     -18.40   -0.00    0.00     1.81     -883.39 
148      0.42     0.54     12.09    248.50   -438.60  -77.10   -598.66  0.00     0.00     0.00     -21.25   0.00     0.00     1.69     -885.41 
149      0.49     0.67     10.95    239.10   -413.00  -83.91   -593.79  0.00     0.00     0.00     -16.52   0.00     0.00     1.51     -866.60 
150      0.50     0.64     11.44    251.87   -430.00  -76.08   -594.88  0.00     0.00     0.00     -17.91   -0.00    0.00     1.81     -865.18 
151      0.62     0.80     10.51    253.50   -421.26  -84.18   -595.05  0.00     0.00     0.00     -16.72   -0.00    0.00     1.33     -862.39 
152      0.59     0.80     10.41    249.36   -438.42  -85.65   -591.01  0.00     0.00     0.00     -18.40   -0.00    0.00     1.35     -882.77 
153      0.38     0.51     11.48    261.75   -437.43  -73.74   -592.58  0.00     0.00     0.00     -16.31   -0.00    0.00     1.69     -856.60 
154      0.43     0.56     12.14    232.72   -418.50  -74.05   -602.24  0.00     0.00     0.00     -18.76   -0.00    0.00     1.76     -879.07 
155      0.60     0.79     10.59    214.00   -433.39  -83.61   -599.96  0.00     0.00     0.00     -17.76   -0.00    0.00     0.70     -920.01 
156      0.60     0.77     10.69    242.85   -427.38  -88.06   -598.27  0.00     0.00     0.00     -18.17   0.00     0.00     1.04     -887.98 
157      0.48     0.65     10.62    254.15   -426.92  -86.50   -594.51  0.00     0.00     0.00     -19.64   -0.00    0.00     1.13     -872.29 
158      0.55     0.73     10.82    267.89   -431.70  -85.78   -593.77  0.00     0.00     0.00     -19.03   0.00     0.00     0.97     -861.43 
159      0.48     0.65     10.72    243.13   -431.60  -82.46   -599.74  0.00     0.00     0.00     -17.94   -0.00    0.00     1.38     -887.21 
160      0.49     0.68     11.38    257.98   -431.23  -73.86   -593.28  0.00     0.00     0.00     -19.41   0.00     0.00     1.38     -858.41 
161      0.54     0.69     10.78    237.13   -427.28  -76.58   -597.38  0.00     0.00     0.00     -18.75   -0.00    0.00     1.27     -881.59 
162      0.60     0.78     10.52    237.86   -433.46  -85.80   -598.72  0.00     0.00     0.00     -18.33   -0.00    0.00     1.32     -897.13 
163      0.55     0.74     10.70    238.75   -433.38  -82.25   -598.95  0.00     0.00     0.00     -19.24   -0.00    0.00     1.35     -893.71 
164      0.54     0.74     10.31    233.41   -429.20  -81.55   -597.58  0.00     0.00     0.00     -18.65   -0.00    0.00     1.34     -892.22 
165      0.58     0.75     10.31    222.57   -428.32  -89.01   -597.01  0.00     0.00     0.00     -19.24   -0.00    0.00     1.01     -910.00 
166      0.44     0.61     11.71    236.79   -407.60  -77.74   -589.82  0.00     0.00     0.00     -18.75   0.00     0.00     1.18     -855.93 
167      0.65     0.81     10.41    221.45   -441.60  -85.44   -592.76  0.00     0.00     0.00     -16.18   -0.00    0.00     0.64     -913.90 
168      0.45     0.59     10.83    220.68   -411.57  -80.63   -595.07  0.00     0.00     0.00     -17.82   -0.00    0.00     2.06     -882.36 
169      0.38     0.48     11.72    245.58   -425.55  -81.33   -604.12  0.00     0.00     0.00     -18.07   -0.00    0.00     1.62     -881.87 
170      0.51     0.70     10.69    241.88   -431.05  -85.00   -596.06  0.00     0.00     0.00     -18.16   -0.00    0.00     0.91     -887.48 
171      0.59     0.78     10.66    212.40   -432.50  -88.24   -595.46  0.00     0.00     0.00     -18.22   0.00     0.00     1.20     -920.81 
172      0.59     0.79     10.53    245.96   -413.51  -86.93   -594.51  0.00     0.00     0.00     -17.83   -0.00    0.00     0.85     -865.97 
173      0.50     0.64     11.28    235.87   -433.50  -86.78   -593.84  0.00     0.00     0.00     -19.44   -0.00    0.00     1.37     -896.32 
174      0.59     0.79     10.29    231.92   -434.48  -86.77   -594.67  0.00     0.00     0.00     -18.09   -0.00    0.00     1.17     -900.92 
175      0.53     0.73     10.68    207.38   -418.75  -83.92   -591.60  0.00     0.00     0.00     -17.38   -0.00    0.00     1.39     -902.89 
176      0.49     0.65     10.79    231.27   -426.81  -80.66   -595.91  0.00     0.00     0.00     -17.02   0.00     0.00     1.53     -887.59 
177      0.48     0.63     11.67    252.19   -424.20  -73.20   -599.77  0.00     0.00     0.00     -18.52   0.00     0.00     1.51     -862.00 
178      0.57     0.75     10.61    210.97   -417.92  -90.21   -595.51  0.00     0.00     0.00     -18.23   -0.00    0.00     1.03     -909.88 
179      0.45     0.59     11.61    241.96   -413.67  -79.18   -590.66  0.00     0.00     0.00     -16.67   -0.20    0.00     1.79     -856.64 
180      0.59     0.77     10.71    223.74   -424.17  -83.52   -593.28  0.00     0.00     0.00     -17.01   0.00     0.00     0.80     -893.43 
181      0.56     0.75     10.34    217.25   -419.22  -86.05   -600.35  0.00     0.00     0.00     -19.39   -0.00    0.00     1.39     -906.38 
182      0.53     0.71     11.25    206.46   -434.78  -77.44   -588.34  0.00     0.00     0.00     -16.02   0.00     0.00     0.60     -909.51 
183      0.54     0.72     10.38    228.75   -423.24  -90.25   -586.49  0.00     0.00     0.00     -19.37   -0.00    0.00     0.73     -889.87 
184      0.64     0.82     10.22    237.24   -437.55  -86.07   -596.29  0.00     0.00     0.00     -18.24   -0.00    0.00     0.95     -899.96 
185      0.57     0.75     10.17    221.42   -428.73  -85.49   -591.74  0.00     0.00     0.00     -19.57   0.00     0.00     0.82     -903.29 
186      0.65     0.83     10.38    206.49   -422.94  -86.99   -601.97  0.00     0.00     0.00     -17.21   -0.00    0.00     0.75     -921.86 
187      0.50     0.68     10.72    221.62   -415.81  -87.06   -592.93  0.00     0.00     0.00     -17.57   -0.00    0.00     1.37     -890.38 
188      0.48     0.68     11.25    211.06   -423.41  -77.45   -595.84  0.00     0.00     0.00     -16.29   0.00     0.00     0.70     -901.24 
189      0.53     0.70     10.77    230.95   -426.22  -79.68   -601.81  0.00     0.00     0.00     -18.08   -0.00    0.00     1.17     -893.66 
190      0.58     0.78     10.53    223.85   -428.43  -85.14   -596.02  0.00     0.00     0.00     -17.95   -0.00    0.00     1.19     -902.50 
191      0.55     0.74     10.48    227.94   -425.44  -84.27   -596.25  0.00     0.00     0.00     -18.10   -0.00    0.00     1.47     -894.65 
192      0.57     0.77     10.30    197.93   -420.69  -93.25   -609.76  0.00     0.00     0.00     -18.47   -0.00    0.00     0.85     -943.39 
193      0.52     0.71     10.66    205.41   -435.50  -82.36   -593.99  0.00     0.00     0.00     -17.80   0.00     0.00     1.00     -923.23 
194      0.51     0.65     11.22    229.36   -428.81  -77.99   -597.31  0.00     0.00     0.00     -18.70   0.00     0.00     0.65     -892.81 
195      0.42     0.58     11.35    220.53   -431.34  -79.13   -601.07  0.00     0.00     0.00     -18.51   -0.00    0.00     1.00     -908.52 
196      0.58     0.79     10.57    231.95   -435.20  -90.73   -601.92  0.00     0.00     0.00     -19.90   -0.00    0.00     0.75     -915.05 
197      0.62     0.80     10.42    215.58   -435.44  -85.14   -602.96  0.00     0.00     0.00     -20.09   0.00     0.00     0.47     -927.59 
198      0.60     0.79     10.30    210.33   -438.22  -91.26   -595.71  0.00     0.00     0.00     -20.13   0.00     0.00     0.92     -934.06 
199      0.58     0.77     10.20    210.93   -424.44  -89.11   -589.91  0.00     0.00     0.00     -19.00   -0.00    0.00     0.82     -910.72 
200      0.62     0.81     10.65    207.39   -438.17  -79.89   -603.71  0.00     0.00     0.00     -18.35   -0.00    0.00     1.24     -931.49 
201      0.55     0.76     10.16    205.68   -432.10  -92.77   -592.31  0.00     0.00     0.00     -18.44   0.00     0.00     0.55     -929.38 
202      0.43     0.58     11.13    202.35   -428.56  -81.79   -595.76  0.00     0.00     0.00     -18.75   -0.00    0.00     0.55     -921.95 
203      0.46     0.61     10.50    211.17   -436.30  -91.85   -582.18  0.00     0.00     0.00     -17.67   -0.00    0.00     -0.07    -916.88 
204      0.42     0.60     10.88    208.05   -433.62  -85.91   -598.78  0.00     0.00     0.00     -17.96   -0.00    0.00     0.37     -927.86 
205      0.47     0.65     10.66    203.01   -430.56  -88.39   -602.70  0.00     0.00     0.00     -17.63   -0.00    0.00     1.79     -934.47 
206      0.52     0.71     10.74    213.02   -436.67  -85.84   -599.18  0.00     0.00     0.00     -17.93   0.00     0.00     0.58     -926.01 
207      0.51     0.67     10.24    207.99   -440.80  -82.38   -588.22  0.00     0.00     0.00     -17.85   0.00     0.00     1.49     -919.78 
208      0.44     0.59     10.68    224.40   -437.58  -89.26   -594.28  0.00     0.00     0.00     -20.48   -0.00    0.00     1.42     -915.77 
209      0.48     0.65     10.37    205.66   -443.52  -90.80   -598.85  0.00     0.00     0.00     -16.59   -0.00    0.00     -0.18    -944.29 
210      0.43     0.61     10.42    233.07   -438.81  -90.91   -600.03  0.00     0.00     0.00     -19.20   -0.00    0.00     0.97     -914.91 
211      0.35     0.45     11.61    179.17   -434.61  -88.35   -599.41  0.00     0.00     0.00     -16.85   -0.00    0.00     1.07     -958.98 
212      0.46     0.63     10.44    176.63   -438.47  -86.93   -599.61  0.00     0.00     0.00     -17.28   -0.00    0.00     0.10     -965.55 
213      0.43     0.61     10.83    189.57   -425.23  -88.06   -588.84  0.00     0.00     0.00     -15.25   -0.24    0.00     0.86     -927.20 
214      0.48     0.63     10.63    202.72   -424.67  -88.22   -604.30  0.00     0.00     0.00     -17.71   -0.00    0.00     -0.04    -932.21 
215      0.49     0.63     10.48    182.12   -435.56  -92.71   -593.06  0.00     0.00     0.00     -16.17   -0.00    0.00     -0.15    -955.54 
216      0.53     0.68     10.48    194.83   -427.41  -90.10   -602.89  0.00     0.00     0.00     -18.26   -0.00    0.00     0.78     -943.06 
217      0.44     0.57     10.57    205.80   -424.36  -88.59   -592.72  0.00     0.00     0.00     -18.27   -0.00    0.00     1.54     -916.60 
218      0.40     0.55     10.85    210.07   -432.98  -79.44   -595.35  0.00     0.00     0.00     -19.64   -0.00    0.00     1.92     -915.42 
219      0.40     0.52     11.30    200.90   -420.93  -83.75   -595.63  0.00     0.00     0.00     -20.42   -0.00    0.00     0.84     -919.00 
220      0.42     0.59     10.87    207.91   -429.04  -87.42   -596.34  0.00     0.00     0.00     -17.01   -0.00    0.00     1.36     -920.54 
221      0.45     0.60     10.56    223.32   -430.35  -85.78   -597.96  0.00     0.00     0.00     -19.77   -0.00    0.00     0.61     -909.93 
222      0.59     0.79     10.30    201.42   -433.32  -87.90   -595.06  0.00     0.00     0.00     -17.71   -0.00    0.00     0.71     -931.86 
223      0.55     0.74     10.62    174.65   -437.71  -88.71   -597.88  0.00     0.00     0.00     -19.40   -0.00    0.00     1.04     -968.01 
224      0.54     0.71     10.73    220.25   -437.26  -76.15   -602.89  0.00     0.00     0.00     -19.59   -0.00    0.00     1.29     -914.35 
225      0.45     0.62     10.49    170.67   -441.55  -87.77   -599.54  0.00     0.00     0.00     -16.26   -0.00    0.00     1.26     -973.19 
226      0.61     0.80     10.58    198.48   -425.96  -84.97   -598.94  0.00     0.00     0.00     -18.85   -0.00    0.00     1.13     -929.11 
227      0.62     0.80     10.38    192.51   -443.25  -89.95   -598.80  0.00     0.00     0.00     -16.18   -0.00    0.00     0.79     -954.89 
228      0.63     0.79     10.40    175.24   -429.83  -89.05   -603.06  0.00     0.00     0.00     -22.21   -0.00    0.00     0.77     -968.14 
229      0.64     0.82     10.01    186.78   -426.77  -94.60   -595.04  0.00     0.00     0.00     -19.92   -0.00    0.00     0.77     -948.78 
230      0.61     0.80     10.39    207.78   -438.42  -88.23   -596.59  0.00     0.00     0.00     -17.87   -0.00    0.00     1.01     -932.32 
231      0.58     0.79     10.28    182.05   -431.37  -90.99   -595.38  0.00     0.00     0.00     -20.55   -0.00    0.00     1.14     -955.09 
232      0.51     0.71     10.91    192.47   -436.01  -84.95   -595.35  0.00     0.00     0.00     -18.17   -0.00    0.00     1.40     -940.61 
233      0.60     0.80     10.35    198.23   -435.65  -84.43   -604.09  0.00     0.00     0.00     -19.98   -0.00    0.00     1.09     -944.83 
234      0.38     0.50     11.04    190.55   -432.65  -90.52   -602.26  0.00     0.00     0.00     -20.58   -0.00    0.00     1.10     -954.35 
235      0.38     0.49     11.72    172.95   -426.06  -88.72   -595.90  0.00     0.00     0.00     -18.78   -0.00    0.00     1.22     -955.29 
236      0.39     0.51     11.94    206.33   -435.99  -82.58   -602.17  0.00     0.00     0.00     -19.65   0.00     0.00     0.40     -933.66 
237      0.37     0.45     12.63    190.82   -430.49  -84.01   -590.63  0.00     0.00     0.00     -18.12   -0.00    0.00     2.12     -930.32 
238      0.42     0.53     11.71    176.66   -435.47  -88.73   -592.19  0.00     0.00     0.00     -17.53   -0.00    0.00     1.43     -955.83 
239      0.39     0.52     11.40    180.89   -442.08  -85.27   -595.59  0.00     0.00     0.00     -17.57   -0.00    0.00     1.60     -958.02 
240      0.43     0.58     10.85    197.24   -441.10  -81.74   -601.07  0.00     0.00     0.00     -21.34   -0.00    0.00     0.31     -947.70 
241      0.41     0.57     11.39    187.70   -433.00  -78.08   -595.81  0.00     0.00     0.00     -18.35   0.00     0.00     1.23     -936.32 
242      0.46     0.64     10.46    177.03   -445.49  -83.36   -599.60  0.00     0.00     0.00     -17.23   -0.00    0.00     0.91     -967.74 
243      0.51     0.68     10.17    191.30   -441.28  -94.99   -602.11  0.00     0.00     0.00     -19.77   -0.00    0.00     0.07     -966.79 
244      0.51     0.65     11.23    198.08   -440.98  -79.89   -594.60  0.00     0.00     0.00     -19.18   -0.00    0.00     1.25     -935.32 
245      0.65     0.83     10.31    202.13   -441.86  -91.92   -600.51  0.00     0.00     0.00     -19.65   -0.00    0.00     1.15     -950.66 
246      0.63     0.82     10.29    187.88   -434.33  -84.46   -600.78  0.00     0.00     0.00     -21.13   -0.00    0.00     1.04     -951.79 
247      0.52     0.71     10.26    187.86   -441.03  -89.37   -600.27  0.00     0.00     0.00     -18.32   -0.00    0.00     0.39     -960.74 
248      0.44     0.62     10.52    176.91   -437.56  -87.74   -602.32  0.00     0.00     0.00     -19.21   -0.00    0.00     0.88     -969.05 
249      0.53     0.69     10.09    202.86   -443.35  -90.95   -603.03  0.00     0.00     0.00     -20.67   -0.00    0.00     -0.22    -955.36 
250      0.52     0.72     10.98    176.01   -440.40  -83.02   -597.18  0.00     0.00     0.00     -17.91   -0.00    0.00     0.69     -961.81 
251      0.61     0.78     10.26    196.04   -441.41  -92.70   -602.28  0.00     0.00     0.00     -20.30   -0.00    0.00     0.46     -960.20 
252      0.61     0.79     10.51    187.41   -433.90  -93.68   -605.56  0.00     0.00     0.00     -19.74   -0.00    0.00     0.89     -964.58 
253      0.56     0.76     10.46    180.89   -443.37  -90.07   -602.36  0.00     0.00     0.00     -19.98   -0.00    0.00     0.72     -974.18 
254      0.60     0.78     10.43    159.90   -443.49  -86.96   -608.30  0.00     0.00     0.00     -19.88   -0.00    0.00     1.28     -997.45 
255      0.60     0.76     10.43    181.63   -439.57  -87.58   -610.15  0.00     0.00     0.00     -20.92   -0.00    0.00     0.97     -975.60 
256      0.52     0.70     11.10    176.63   -444.85  -81.55   -604.02  0.00     0.00     0.00     -20.49   -0.00    0.00     1.50     -972.76 
257      0.55     0.76     10.77    173.80   -445.45  -90.47   -593.77  0.00     0.00     0.00     -18.56   -0.00    0.00     1.37     -973.09 
258      0.58     0.77     10.35    171.96   -439.43  -86.21   -600.48  0.00     0.00     0.00     -20.21   -0.00    0.00     0.88     -973.50 
259      0.51     0.66     11.04    187.75   -450.99  -83.85   -603.87  0.00     0.00     0.00     -19.17   -0.00    0.00     1.24     -968.89 
260      0.55     0.71     10.63    165.31   -437.83  -91.54   -598.14  0.00     0.00     0.00     -19.03   -0.00    0.00     1.02     -980.20 
261      0.65     0.83     10.21    181.17   -443.79  -90.26   -604.29  0.00     0.00     0.00     -18.50   -0.00    0.00     0.80     -974.87 
262      0.56     0.75     10.53    179.85   -444.48  -85.29   -600.47  0.00     0.00     0.00     -19.18   -0.00    0.00     0.79     -968.78 
263      0.60     0.78     10.69    167.66   -437.36  -87.83   -603.61  0.00     0.00     0.00     -19.74   0.00     0.00     0.77     -980.11 
264      0.58     0.78     10.34    171.34   -438.27  -94.20   -593.83  0.00     0.00     0.00     -19.00   0.00     0.00     0.94     -973.03 
265      0.57     0.76     10.63    181.76   -435.02  -85.12   -600.69  0.00     0.00     0.00     -19.01   -0.00    0.00     0.92     -957.16 
266      0.45     0.63     10.91    165.51   -447.41  -87.00   -601.71  0.00     0.00     0.00     -20.58   -0.00    0.00     1.14     -990.05 
267      0.56     0.73     10.75    161.22   -434.92  -88.32   -600.27  0.00     0.00     0.00     -20.52   0.00     0.00     1.14     -981.67 
268      0.57     0.74     10.44    149.64   -439.56  -92.75   -599.39  0.00     0.00     0.00     -17.64   -0.00    0.00     0.98     -998.71 
269      0.58     0.78     10.37    157.06   -446.27  -91.32   -606.14  0.00     0.00     0.00     -18.49   -0.00    0.00     1.30     -1003.85
270      0.64     0.82     10.11    152.46   -443.93  -89.73   -603.19  0.00     0.00     0.00     -20.51   -0.00    0.00     0.52     -1004.38
271      0.62     0.81     10.48    147.09   -442.42  -88.08   -607.21  0.00     0.00     0.00     -18.99   -0.00    0.00     1.06     -1008.55
272      0.62     0.81     10.40    158.50   -447.22  -86.99   -601.39  0.00     0.00     0.00     -17.04   -0.00    0.00     0.98     -993.16 
273      0.58     0.78     10.46    182.00   -442.85  -90.09   -605.45  0.00     0.00     0.00     -19.80   -0.00    0.00     1.38     -974.82 
274      0.60     0.78     10.20    176.37   -444.08  -88.90   -608.15  0.00     0.00     0.00     -20.85   -0.00    0.00     0.75     -984.87 
275      0.56     0.76     10.54    166.49   -442.95  -87.45   -602.16  0.00     0.00     0.00     -19.48   -0.00    0.00     1.23     -984.32 
276      0.55     0.73     10.08    161.76   -437.44  -89.64   -608.77  0.00     0.00     0.00     -20.51   -0.00    0.00     0.96     -993.64 
277      0.54     0.72     10.44    167.38   -443.08  -91.40   -604.99  0.00     0.00     0.00     -21.02   -0.00    0.00     1.46     -991.66 
278      0.62     0.80     10.13    170.60   -454.30  -102.67  -603.42  0.00     0.00     0.00     -19.72   0.00     0.00     1.27     -1008.24
279      0.61     0.80     10.48    174.43   -440.05  -92.90   -606.73  0.00     0.00     0.00     -19.66   -0.00    0.00     1.39     -983.51 
280      0.62     0.80     10.00    161.55   -443.43  -94.23   -605.15  0.00     0.00     0.00     -19.76   -0.00    0.00     0.83     -1000.20
281      0.57     0.74     10.46    166.77   -448.71  -87.86   -604.41  0.00     0.00     0.00     -17.92   -0.00    0.00     1.19     -990.93 
282      0.60     0.77     10.59    165.59   -444.19  -86.46   -603.18  0.00     0.00     0.00     -20.53   0.00     0.00     1.42     -987.34 
283      0.58     0.76     10.55    158.59   -443.76  -91.84   -605.21  0.00     0.00     0.00     -19.38   -0.00    0.00     1.18     -1000.43
284      0.63     0.81     10.16    171.38   -436.23  -91.40   -603.53  0.00     0.00     0.00     -18.05   -0.00    0.00     0.42     -977.40 
285      0.58     0.77     10.47    167.92   -445.71  -92.13   -602.07  0.00     0.00     0.00     -18.63   -0.00    0.00     0.96     -989.66 
286      0.65     0.84     10.33    146.06   -450.04  -90.48   -603.21  0.00     0.00     0.00     -19.10   -0.00    0.00     0.92     -1015.86
287      0.58     0.77     10.51    157.77   -445.21  -90.22   -606.01  0.00     0.00     0.00     -19.03   -0.00    0.00     1.24     -1001.45
288      0.61     0.79     10.28    161.90   -441.06  -92.11   -604.02  0.00     0.00     0.00     -20.83   -0.00    0.00     0.99     -995.12 
289      0.58     0.78     10.47    150.14   -442.91  -91.17   -607.81  0.00     0.00     0.00     -20.80   0.00     0.00     0.44     -1012.10
290      0.53     0.73     10.25    160.25   -446.04  -83.11   -600.21  0.00     0.00     0.00     -19.20   -0.00    0.00     0.44     -987.88 
291      0.44     0.58     10.86    164.01   -440.94  -86.01   -605.14  0.00     0.00     0.00     -18.59   -0.00    0.00     1.00     -985.67 
292      0.40     0.57     10.74    147.98   -451.37  -93.35   -605.33  0.00     0.00     0.00     -19.35   -0.00    0.00     0.89     -1020.52
293      0.51     0.66     10.15    152.17   -443.12  -95.33   -606.71  0.00     0.00     0.00     -21.34   -0.00    0.00     -0.44    -1014.76
294      0.42     0.57     10.62    159.53   -448.26  -91.19   -607.26  0.00     0.00     0.00     -19.13   -0.00    0.00     1.00     -1005.31
295      0.43     0.57     10.73    142.38   -446.68  -97.01   -601.16  0.00     0.00     0.00     -19.33   -0.00    0.00     1.02     -1020.78
296      0.42     0.60     10.39    164.18   -446.77  -90.26   -604.99  0.00     0.00     0.00     -20.54   -0.00    0.00     0.99     -997.39 
297      0.41     0.57     10.74    155.47   -448.03  -87.23   -606.58  0.00     0.00     0.00     -18.50   -0.00    0.00     0.86     -1004.02
298      0.57     0.77     10.49    132.06   -440.87  -92.11   -601.22  0.00     0.00     0.00     -18.17   -0.00    0.00     0.44     -1019.87
299      0.54     0.75     10.18    170.78   -442.15  -92.33   -603.26  0.00     0.00     0.00     -20.15   -0.00    0.00     0.49     -986.61 
300      0.56     0.75     10.22    150.48   -448.33  -95.39   -610.20  0.00     0.00     0.00     -21.31   -0.00    0.00     0.29     -1024.47
301      0.50     0.69     10.51    160.27   -447.96  -91.98   -605.90  0.00     0.00     0.00     -19.56   -0.00    0.00     0.95     -1004.17
302      0.56     0.74     10.77    160.32   -455.78  -87.59   -602.71  0.00     0.00     0.00     -17.34   -0.00    0.00     1.17     -1001.93
303      0.62     0.79     10.34    141.90   -451.80  -93.48   -609.38  0.00     0.00     0.00     -20.04   -0.00    0.00     1.07     -1031.73
304      0.60     0.79     10.52    142.97   -447.20  -94.83   -604.71  0.00     0.00     0.00     -18.45   -0.00    0.00     1.18     -1021.04
305      0.62     0.81     10.30    143.17   -436.29  -91.83   -609.24  0.00     0.00     0.00     -18.90   -0.00    0.00     1.20     -1011.90
306      0.57     0.77     10.38    143.26   -451.68  -87.12   -608.79  0.00     0.00     0.00     -19.39   0.00     0.00     1.32     -1022.41
307      0.57     0.76     10.39    144.39   -447.11  -95.43   -609.18  0.00     0.00     0.00     -19.99   -0.00    0.00     1.20     -1026.12
308      0.52     0.71     10.77    142.29   -445.52  -85.04   -608.64  0.00     0.00     0.00     -20.40   -0.00    0.00     1.23     -1016.08
309      0.63     0.81     10.09    142.71   -444.15  -98.02   -608.98  0.00     0.00     0.00     -19.67   -0.00    0.00     1.12     -1026.99
310      0.62     0.80     10.30    135.53   -448.68  -94.43   -610.29  0.00     0.00     0.00     -19.60   -0.00    0.00     1.13     -1036.34
311      0.58     0.76     10.62    154.36   -450.95  -90.03   -607.49  0.00     0.00     0.00     -21.07   -0.00    0.00     1.11     -1014.07
312      0.62     0.81     10.41    152.11   -442.91  -92.22   -610.11  0.00     0.00     0.00     -20.23   -0.00    0.00     0.80     -1012.56
313      0.60     0.77     10.28    141.15   -446.62  -100.15  -605.75  0.00     0.00     0.00     -18.08   -0.00    0.00     0.71     -1028.75
314      0.59     0.78     10.35    151.95   -448.27  -96.27   -607.90  0.00     0.00     0.00     -19.56   -0.00    0.00     0.74     -1019.32
315      0.59     0.79     10.56    137.34   -442.71  -91.38   -607.40  0.00     0.00     0.00     -20.00   -0.00    0.00     1.51     -1022.63
316      0.53     0.71     10.18    124.12   -438.56  -94.93   -606.32  0.00     0.00     0.00     -20.53   -0.00    0.00     -0.00    -1036.23
317      0.48     0.65     10.38    148.24   -450.59  -90.74   -608.47  0.00     0.00     0.00     -21.20   -0.00    0.00     1.06     -1021.70
318      0.58     0.76     10.55    157.62   -445.27  -91.24   -606.81  0.00     0.00     0.00     -20.67   -0.00    0.00     0.98     -1005.40
319      0.63     0.82     10.32    134.62   -444.98  -94.92   -606.62  0.00     0.00     0.00     -19.94   -0.00    0.00     0.89     -1030.94
320      0.56     0.75     10.67    145.97   -448.17  -89.18   -611.29  0.00     0.00     0.00     -19.85   -0.00    0.00     0.81     -1021.71
321      0.69     0.84     10.05    137.73   -443.84  -94.94   -605.53  0.00     0.00     0.00     -19.51   -0.00    0.00     -0.14    -1026.24
322      0.52     0.67     10.56    132.08   -439.37  -90.64   -605.89  0.00     0.00     0.00     -21.23   -0.00    0.00     1.18     -1023.87
323      0.61     0.80     10.11    124.13   -446.26  -96.29   -612.03  0.00     0.00     0.00     -21.70   -0.00    0.00     0.60     -1051.55
324      0.52     0.68     10.95    145.02   -449.55  -87.91   -604.10  0.00     0.00     0.00     -20.39   -0.00    0.00     0.84     -1016.09
325      0.67     0.83     10.14    130.77   -439.40  -94.60   -610.61  0.00     0.00     0.00     -21.13   -0.00    0.00     0.69     -1034.29
326      0.59     0.77     10.51    140.06   -448.15  -98.23   -605.97  0.00     0.00     0.00     -18.86   -0.00    0.00     0.84     -1030.30
327      0.59     0.78     10.25    131.95   -453.71  -91.28   -609.39  0.00     0.00     0.00     -20.68   -0.00    0.00     0.76     -1042.34
328      0.58     0.76     10.01    126.74   -446.17  -99.48   -607.01  0.00     0.00     0.00     -20.93   -0.00    0.00     0.77     -1046.07
329      0.59     0.77     10.28    134.41   -442.38  -95.34   -609.76  0.00     0.00     0.00     -18.60   -0.00    0.00     0.58     -1031.09
330      0.57     0.76     10.55    121.49   -454.12  -91.14   -610.37  0.00     0.00     0.00     -20.01   0.00     0.00     0.86     -1053.29
331      0.57     0.72     10.66    126.71   -442.59  -90.05   -609.52  0.00     0.00     0.00     -22.14   -0.00    0.00     1.35     -1036.25
332      0.56     0.75     10.11    141.99   -445.39  -98.96   -609.41  0.00     0.00     0.00     -21.38   -0.00    0.00     0.53     -1032.63
333      0.62     0.80     10.38    122.48   -451.12  -92.21   -609.75  0.00     0.00     0.00     -21.64   -0.00    0.00     0.92     -1051.30
334      0.58     0.78     10.48    133.09   -447.01  -89.75   -609.60  0.00     0.00     0.00     -20.61   -0.00    0.00     1.19     -1032.69
335      0.64     0.81     10.32    114.30   -449.71  -92.21   -610.57  0.00     0.00     0.00     -19.13   0.00     0.00     1.15     -1056.18
336      0.59     0.77     10.33    144.93   -444.48  -95.81   -611.78  0.00     0.00     0.00     -20.99   -0.00    0.00     1.14     -1026.98
337      0.65     0.82     10.23    111.71   -451.19  -92.63   -610.31  0.00     0.00     0.00     -20.90   -0.00    0.00     0.21     -1063.10
338      0.59     0.78     10.47    126.19   -449.13  -100.14  -609.26  0.00     0.00     0.00     -20.19   0.00     0.00     1.02     -1051.50
339      0.57     0.76     10.57    130.02   -448.50  -92.50   -608.79  0.00     0.00     0.00     -19.33   0.00     0.00     1.17     -1037.93
340      0.56     0.75     10.77    117.29   -443.64  -93.42   -606.89  0.00     0.00     0.00     -17.74   0.00     0.00     0.94     -1043.46
341      0.57     0.76     10.10    137.88   -451.59  -99.52   -608.66  0.00     0.00     0.00     -20.53   -0.00    0.00     0.79     -1041.64
342      0.57     0.77     10.22    130.28   -443.59  -94.66   -610.75  0.00     0.00     0.00     -20.18   -0.00    0.00     0.62     -1038.28
343      0.67     0.83     10.19    127.47   -452.37  -88.58   -613.22  0.00     0.00     0.00     -20.15   0.00     0.00     1.15     -1045.70
344      0.60     0.79     10.20    118.21   -453.85  -91.59   -612.80  0.00     0.00     0.00     -21.26   -0.00    0.00     1.08     -1060.22
345      0.54     0.74     10.63    134.45   -452.47  -89.57   -603.84  0.00     0.00     0.00     -17.37   -0.00    0.00     1.07     -1027.73
346      0.55     0.77     10.41    119.72   -448.72  -92.43   -608.37  0.00     0.00     0.00     -18.93   -0.00    0.00     0.80     -1047.93
347      0.67     0.83     10.15    109.12   -447.76  -98.87   -609.93  0.00     0.00     0.00     -20.85   -0.00    0.00     0.46     -1067.85
348      0.60     0.79     10.19    120.66   -441.28  -99.05   -608.58  0.00     0.00     0.00     -20.55   -0.00    0.00     0.74     -1048.06
349      0.60     0.79     10.21    118.09   -451.84  -93.41   -611.74  0.00     0.00     0.00     -21.30   -0.00    0.00     0.76     -1059.44
350      0.60     0.80     10.25    129.23   -443.47  -98.81   -605.37  0.00     0.00     0.00     -20.05   -0.00    0.00     0.87     -1037.62
351      0.55     0.73     10.33    113.76   -447.84  -101.41  -602.95  0.00     0.00     0.00     -18.25   -0.00    0.00     0.69     -1056.00
352      0.58     0.77     10.37    110.20   -451.75  -95.29   -605.05  0.00     0.00     0.00     -18.45   -0.00    0.00     0.33     -1060.01
353      0.63     0.80     10.10    120.20   -446.57  -100.30  -607.87  0.00     0.00     0.00     -19.70   -0.00    0.00     0.62     -1053.63
354      0.62     0.79     10.20    122.29   -454.93  -98.55   -611.27  0.00     0.00     0.00     -20.37   -0.00    0.00     0.59     -1062.24
355      0.62     0.80     10.38    124.15   -450.87  -87.42   -609.98  0.00     0.00     0.00     -21.04   -0.00    0.00     0.90     -1044.26
356      0.56     0.76     10.21    109.52   -451.32  -90.33   -612.72  0.00     0.00     0.00     -21.40   -0.00    0.00     0.16     -1066.10
357      0.61     0.79     10.69    103.57   -452.81  -89.36   -612.25  0.00     0.00     0.00     -21.94   0.00     0.00     0.87     -1071.91
358      0.53     0.72     10.39    129.10   -450.90  -95.02   -610.62  0.00     0.00     0.00     -19.47   -0.00    0.00     0.67     -1046.25
359      0.50     0.68     10.38    117.30   -452.06  -95.59   -611.12  0.00     0.00     0.00     -20.77   -0.00    0.00     0.82     -1061.42
360      0.52     0.72     10.11    123.16   -451.86  -95.33   -608.45  0.00     0.00     0.00     -20.23   -0.00    0.00     1.04     -1051.68
361      0.54     0.73     10.25    109.56   -455.52  -105.60  -601.16  0.00     0.00     0.00     -19.83   -0.00    0.00     0.67     -1071.88
362      0.50     0.68     10.22    110.86   -456.13  -93.52   -608.63  0.00     0.00     0.00     -20.91   -0.00    0.00     -0.14    -1068.47
363      0.51     0.69     10.10    115.37   -450.40  -100.14  -609.73  0.00     0.00     0.00     -18.86   0.00     0.00     -0.12    -1063.88
364      0.56     0.76     10.37    129.99   -449.27  -92.76   -607.89  0.00     0.00     0.00     -20.15   0.00     0.00     -0.06    -1040.13
365      0.60     0.78     10.25    110.37   -456.02  -100.65  -605.19  0.00     0.00     0.00     -19.93   -0.00    0.00     0.81     -1070.62
366      0.63     0.80     10.24    105.20   -456.15  -99.19   -608.85  0.00     0.00     0.00     -21.56   -0.00    0.00     0.67     -1079.88
367      0.56     0.76     10.25    100.60   -448.61  -98.92   -612.22  0.00     0.00     0.00     -20.94   -0.00    0.00     0.96     -1079.13
368      0.60     0.80     10.41    107.06   -450.67  -94.81   -611.99  0.00     0.00     0.00     -20.50   -0.00    0.00     0.89     -1070.02
369      0.59     0.78     10.23    111.26   -456.20  -106.17  -602.29  0.00     0.00     0.00     -19.93   -0.00    0.00     0.61     -1072.71
370      0.62     0.80     10.18    104.11   -455.69  -103.73  -609.17  0.00     0.00     0.00     -21.24   0.00     0.00     0.73     -1085.00
371      0.63     0.80     10.25    109.68   -455.09  -99.41   -608.43  0.00     0.00     0.00     -21.12   -0.00    0.00     0.97     -1073.40
372      0.63     0.81     10.13    103.45   -454.81  -97.41   -610.16  0.00     0.00     0.00     -18.91   -0.00    0.00     0.60     -1077.25
373      0.64     0.81     10.36    104.89   -451.63  -93.35   -609.14  0.00     0.00     0.00     -18.90   0.00     0.00     0.15     -1067.98
374      0.61     0.80     10.30    97.57    -454.04  -100.08  -608.48  0.00     0.00     0.00     -19.86   -0.00    0.00     0.72     -1084.18
375      0.62     0.81     10.12    103.45   -455.64  -96.19   -603.35  0.00     0.00     0.00     -19.42   -0.00    0.00     1.02     -1070.12
376      0.60     0.78     10.11    99.47    -453.20  -98.68   -611.87  0.00     0.00     0.00     -21.06   -0.00    0.00     0.80     -1084.55
377      0.66     0.82     10.06    102.61   -450.72  -97.82   -612.15  0.00     0.00     0.00     -20.32   -0.00    0.00     0.76     -1077.64
378      0.57     0.77     10.29    109.78   -455.21  -101.17  -609.48  0.00     0.00     0.00     -19.38   -0.00    0.00     0.94     -1074.53
379      0.58     0.76     10.45    109.53   -457.42  -98.90   -610.70  0.00     0.00     0.00     -20.36   -0.00    0.00     1.07     -1076.79
380      0.58     0.77     10.12    111.31   -452.57  -95.63   -611.62  0.00     0.00     0.00     -19.94   -0.00    0.00     0.61     -1067.84
381      0.56     0.74     10.34    105.08   -453.20  -94.23   -613.92  0.00     0.00     0.00     -20.52   -0.00    0.00     0.98     -1075.80
382      0.59     0.78     10.11    102.17   -451.72  -104.72  -607.64  0.00     0.00     0.00     -19.27   -0.00    0.00     0.57     -1080.62
383      0.57     0.75     10.36    88.41    -451.42  -102.70  -611.75  0.00     0.00     0.00     -19.39   -0.00    0.00     0.92     -1095.94
384      0.62     0.80     10.16    94.95    -451.55  -98.29   -613.62  0.00     0.00     0.00     -20.57   -0.00    0.00     0.85     -1088.24
385      0.60     0.79     10.15    94.18    -456.86  -106.04  -607.96  0.00     0.00     0.00     -21.05   0.00     0.00     0.55     -1097.19
386      0.60     0.79     10.10    107.67   -455.72  -105.24  -611.44  0.00     0.00     0.00     -20.78   -0.00    0.00     0.64     -1084.87
387      0.61     0.80     10.15    95.52    -460.01  -102.67  -612.70  0.00     0.00     0.00     -20.26   -0.00    0.00     0.80     -1099.33
388      0.60     0.79     10.10    109.56   -456.69  -95.41   -612.20  0.00     0.00     0.00     -21.45   -0.00    0.00     0.93     -1075.26
389      0.67     0.82     10.26    93.89    -449.15  -96.00   -612.13  0.00     0.00     0.00     -22.36   -0.00    0.00     1.43     -1084.31
390      0.62     0.80     10.35    87.11    -459.11  -99.05   -610.14  0.00     0.00     0.00     -21.36   0.00     0.00     1.22     -1101.33
391      0.63     0.81     10.32    95.84    -456.98  -97.35   -611.06  0.00     0.00     0.00     -20.46   0.00     0.00     1.20     -1088.81
392      0.62     0.80     10.00    92.29    -457.79  -96.76   -613.07  0.00     0.00     0.00     -21.84   -0.00    0.00     1.08     -1096.08
393      0.65     0.82     10.32    90.60    -453.34  -103.45  -609.64  0.00     0.00     0.00     -19.11   -0.00    0.00     0.88     -1094.04
394      0.60     0.78     10.39    85.93    -454.13  -99.58   -615.65  0.00     0.00     0.00     -20.60   0.00     0.00     0.87     -1103.15
395      0.63     0.81     10.12    81.27    -454.75  -104.98  -613.19  0.00     0.00     0.00     -20.89   0.00     0.00     0.63     -1111.90
396      0.59     0.78     10.14    80.46    -454.75  -103.69  -611.33  0.00     0.00     0.00     -20.39   -0.00    0.00     0.72     -1108.98
397      0.62     0.80     10.17    80.53    -457.53  -104.85  -608.75  0.00     0.00     0.00     -20.04   -0.00    0.00     0.69     -1109.95
398      0.60     0.78     10.24    94.08    -454.94  -103.18  -611.81  0.00     0.00     0.00     -19.25   -0.00    0.00     0.74     -1094.37
399      0.64     0.80     10.12    93.15    -459.73  -101.66  -611.36  0.00     0.00     0.00     -20.63   -0.00    0.00     0.57     -1099.67
400      0.61     0.79     10.09    91.69    -454.59  -104.86  -611.19  0.00     0.00     0.00     -22.34   -0.00    0.00     0.83     -1100.46
401      0.63     0.80     10.02    84.56    -457.26  -107.24  -610.09  0.00     0.00     0.00     -20.55   -0.00    0.00     0.78     -1109.80
